1 14.1347251417346937904572519835624766
2 21.0220396387715549926284795938969162
3 25.0108575801456887632137909925627734
4 30.4248761258595132103118975305839571
5 32.9350615877391896906623689640747418
6 37.5861781588256712572177634807052984
7 40.9187190121474951873981269146334247
8 43.3270732809149995194961221654068456
9 48.0051508811671597279424727494276636
10 49.7738324776723021819167846785638367
11 52.9703214777144606441472966088808216
12 56.4462476970633948043677594767060321
13 59.3470440026023530796536486749921759
14 60.8317785246098098442599018245240815
15 65.1125440480816066608750542531836072
16 67.07981052949417371447882889652207
17 69.5464017111739792529268575265546586
18 72.0671576744819075825221079698261175
19 75.7046906990839331683269167620305404
20 77.1448400688748053726826648563046925
21 79.3373750202493679227635928771160578
22 82.9103808540860301831648374947705599
23 84.7354929805170501057353112068275569
24 87.4252746131252294065316678509191351
25 88.8091112076344654236823480795095125
26 92.4918992705584842962597252418104965
27 94.6513440405198869665979258152079645
28 95.8706342282453097587410292192466718
29 98.8311942181936922333244201386223539
30 101.317851005731391228785447940292361
31 103.725538040478339416398408108695242
32 105.44662305232609449367083241411192
33 107.168611184276407515123351963086014
34 111.029535543169674524656450309944475
35 111.874659176992637085612078716770688
36 114.320220915452712765890937276190978
37 116.226680320857554382160804312064702
38 118.790782865976217322979139702699893
39 121.370125002420645918945532970499783
40 122.946829293552588200817460330770008
41 124.256818554345767184732007966130087
42 127.516683879596495124279323766905978
43 129.578704199956050985768033906180045
44 131.087688530932656723566372461501506
45 133.497737202997586450130492042640705
46 134.756509753373871331326064157169863
47 138.116042054533443200191555190282386
48 139.736208952121388950450046523382364
49 141.123707404021123761940353818475257
50 143.111845807620632739405123868913913
51 146.000982486765518547402507596424648
52 147.422765342559602049521185010431637
53 150.05352042078488035143246723695944
54 150.925257612241466761852524678305763
55 153.024693811198896198256544255185372
56 156.112909294237867569750189310169062
57 157.597591817594059887530503158498759
58 158.849988171420498724174994775540303
59 161.188964137596027519437344129369513
60 163.030709687181987243311039000688039
61 165.537069187900418830038919354874895
62 167.184439978174513440957756246210511
63 169.094515415568821489505871181431752
64 169.911976479411698966699843595821645
65 173.411536519591552959846118649345597
66 174.754191523365725813378762455866911
67 176.441434297710418888892641057861116
68 178.377407776099977285830935414184329
69 179.916484020256996139340036612051127
70 182.207078484366461915407037226987952
71 184.874467848387508800960646617234429
72 185.598783677707471466527704268392773
73 187.22892258350185199164154058613128
74 189.416158656016937084852289099845332
75 192.026656360713786547283631425583597
76 193.079726603845704047402205794376002
77 195.265396679529235321463187814862073
78 196.876481840958316948622263914696163
79 198.015309676251912424919918702209012
80 201.264751943703788733016133427548159
81 202.493594514140534277686660637864245
82 204.189671803104554330716438386313747
83 205.394697202163286025212379390693038
84 207.906258887806209861501967907753745
85 209.576509716856259852835644289886786
86 211.690862595365307563907486730719249
87 213.347919359712666190639122021072553
88 214.547044783491423222944201072590543
89 216.169538508263700265869563354498316
90 219.067596349021378985677256590437269
91 220.714918839314003369115592633906229
92 221.430705554693338732097475119276056
93 224.007000254604335211728875528504849
94 224.98332466958228750378252368052846
95 227.421444279679291310461436160659568
96 229.337413305525348107760083306055691
97 231.250188700499164773806186770010303
98 231.987235253180248603771668539197859
99 233.69340417890830064070449473256963
100 236.524229665816205802475507955663171
101 237.769820480925204003236625926387255
102 239.555477573327628740268932034334399
103 241.049157796216586412837921410335595
104 242.823271934222600016826474458878605
105 244.07089849707815823681652798984443
106 247.136990074897499467550968179208243
107 248.101990060148459256762142084656877
108 249.573689644707209192329794188740011
109 251.014947795016001142954155103707999
110 253.069986747999477194599013785617917
111 255.306256454914022753086491794001291
112 256.380713694434477789358382339729724
113 258.610439491531368208983058644759153
114 259.874406989678000350672844613876572
115 260.805084504596870185931233472464606
116 263.573893904870132233081588131023448
117 265.557851838876320292477308964185001
118 266.61497378150107249572011297386791
119 267.921915082824059440378967172185476
120 269.970449023997602594693505318898548
121 271.494055641644999018179416757522661
122 273.459609188403287045714250298801896
123 275.587492649343841248740702619377842
124 276.452049503132938679887343638399116
125 278.250743529841954492748276711316202
126 279.229250927745189228409880451955297
127 282.465114765052096233027201186501047
128 283.211185733233867420493837943329048
129 284.835963980904724133157633922696389
130 286.667445363002884292847624146414791
131 287.911920501422187155254120271867476
132 289.579854929218834152738023569352383
133 291.846291329067395835513054424638595
134 293.558434139356285356776697106035076
135 294.965369619265542175066448639009475
136 295.573254878958292388460831458778713
137 297.979277061943415209929682957682877
138 299.840326053721312960027052525293758
139 301.649325462194183623470100208418081
140 302.696749589606917051751477095352936
141 304.86437134085729770014874990314437
142 305.728912602036809289222821261660978
143 307.219496128170054789410033399934556
144 310.109463146701898804786219767998886
145 311.165141530356003270942670800354758
146 312.427801180600891980485983092874235
147 313.985285731158922979048965754576337
148 315.475616089475733868596078143953791
149 317.734805942370180395645494204968061
150 318.853104256316597906689184547749286
151 321.160134309113578291921471417430618
152 322.14455867248293229883744500598872
153 323.466969557512050506212030414795081
154 324.862866051739613264980086995400579
155 327.443901261905457343469263816320575
156 329.033071680480934033614727576803928
157 329.95323972823386634389212218863142
158 331.474467582663424375661753866344949
159 333.64537852486985058496168308087931
160 334.211354833244383232403407959192329
161 336.841850428390684794654762919411961
162 338.339992850806611886257326087163089
163 339.858216725363540192326550930874029
164 341.042261111046560482597784598536741
165 342.054877510363585451403825094098202
166 344.661702940252337044181188098199028
167 346.34787056600994739593645981615187
168 347.27267758442048447579709488806986
169 349.316260870696144123155555733993861
170 350.408419349192099187671953234487285
171 351.87864902535928043671339307659692
172 353.488900488718806783603768609435322
173 356.017574977264947317960361960766587
174 357.151302252039624809602928232290424
175 357.952685101632273755128918982777427
176 359.743754953114448799291985976990188
177 361.289361695804650390291311227715423
178 363.331330578973834747334449566614793
179 364.736024114088993716262102126940343
180 366.212710288331316861077145196806632
181 367.993575481740303326183298044207896
182 368.968438095734389891576901299892058
183 370.050919212106000339651163061266525
184 373.061928372112838449119396431285203
185 373.86487391090856974475636273365955
186 375.825912766739334107907714146693076
187 376.324092230668052117190819612427492
188 378.436680249965479724090965913203391
189 379.872975346532346651024059690446312
190 381.484468617186524919662522423657374
191 383.443529449536487704345755480722667
192 384.956116814863687103751584208793548
193 385.861300845974229180561959359803216
194 387.222890222387980975948514738109851
195 388.846128354232254600809420300373456
196 391.456083563638045770578228122554055
197 392.245083339519096749015184170993038
198 393.42774384443402593669895292012878
199 395.582870010993720970877711323141657
200 396.381854222592186931999454491730479
201 397.918736209614243386981179710798609
202 399.985119876194899505917299868289562
203 401.839228600533216539911304378287035
204 402.861917763886114176315443096039769
205 404.236441800208004740227799563527569
206 405.134387459909927257486268025416654
207 407.581460386896182076309001181390643
208 408.947245502351112519634039764157825
209 410.513869193366638646769105284867335
210 411.972267804278750664640298507272944
211 413.262736070185046886257059317729057
212 415.018809755155115646319211462817084
213 415.455214996294598857128782486669799
214 418.387705789534779226045723099554864
215 419.861364818152323687852309138382834
216 420.643827625041786267974652985000557
217 422.076710058826759629840665449381439
218 423.716579627481818610562874731766169
219 425.069882494461347614374692649156529
220 427.208825084074580528142933885711424
221 428.127914076616682110305068486318265
222 430.328745430938636669926981541854668
223 431.30130693070359201950512192755558
224 432.138641734588568306253249108952582
225 433.889218480927225302946611050792956
226 436.161006432646984071801518262377887
227 437.581698167668581154013167233325457
228 438.621738656272196290915010137170273
229 439.918442214370656410221790027024193
230 441.683199201189023874204436499167997
231 442.904546302609449469723102412766346
232 444.319336277559155920305743539790494
233 446.860622696429522528860875180746727
234 447.441704194493290065526925303609053
235 449.148545685023304753023503134704582
236 450.126945780313524030045762528781878
237 451.403308445388795462113224631358637
238 453.986737806677916038366810294005024
239 454.974683768616788875309438951270756
240 456.328426689246051224499830063055661
241 457.903893064102971574699329171787766
242 459.513415281106011754009943802041331
243 460.087944422175841255330255428206485
244 462.065367274882530963830921145618571
245 464.057286910548284576246084783666648
246 465.671539211371094552966645743995519
247 466.570286930826255167392125952264369
248 467.439046210261638856645001384446901
249 469.536004559112032191819068829123199
250 470.773655478101647690118879454436297
251 472.799174661908816658297992681770069
252 473.835232345139687073805468023383051
253 475.600339369375785605428819923679836
254 476.769015237484520852848689195468205
255 478.075263766670969199872727404909489
256 478.942181534634826538317101767038399
257 481.830339376286561366681376285097506
258 482.834782790982397306556996676321774
259 483.851427212482537560188221084668214
260 485.539148129356006930025423658082003
261 486.528718261651244352367526269941439
262 488.38056709001744852711143066481193
263 489.661761577956131512780904174977159
264 491.39882159366300656921333100853918
265 493.314441581785300936360604043227228
266 493.957997805369464909583091286885081
267 495.358828822131277496834132737170531
268 496.429696215759103483918912816073048
269 498.58078242968654201667508291248791
270 500.309084941690495539309390725171528
271 501.604446965145477663332545762851119
272 502.276270327118233175399507333885489
273 504.499773313427737183791262228361231
274 505.415231742244442029552166109282723
275 506.464152709523531221526074780645402
276 508.800700336467820809469672508192078
277 510.264227943672834420779517654734753
278 511.562289700374595460454904486599135
279 512.623144531407418667101254943481013
280 513.668985555473683436244146417926087
281 515.435057167299377249676893672957132
282 517.589668572467425341357965286940732
283 518.234223147550143573858274373479896
284 520.106310411723255903196146134261717
285 521.525193449492040967732398163194022
286 522.456696177730210430144413322512627
287 523.960530892015840487007509480971958
288 525.077385687279622180591217630137863
289 527.903641601272345229617268071153966
290 528.40621385229265894160889664738368
291 529.806226318706900798163983301564644
292 530.866917883961089644387434514855987
293 532.688183028293730505126445569143584
294 533.779630753768732565482546023135309
295 535.66431407587322461704612318227474
296 537.069759083122327588389737753582166
297 538.42852617624796284350095523978148
298 540.213166376228133383645668989963438
299 540.631390247295117360128077599176096
300 541.847437121201281547119113508906843
301 544.323890101005262903121308755760643
302 545.636833248934818254855439794422092
303 547.010912058122292463655881793124945
304 547.931613364489338310451159426145427
305 549.497567562661378459984733879773615
306 550.970010039483889045657234056993812
307 552.049572200564892792576702545569637
308 553.76497211915881461714978259209352
309 555.792020561682508416573221485355376
310 556.899476406855351261964218656146396
311 557.564659172058528408523989874331426
312 559.316237028682163760935142240205899
313 560.240807497295668241793276358860609
314 562.559207616045851108137916695324683
315 564.160879110786117813879533500406452
316 564.506055938149835122245968938976922
317 566.698787682807956241512280667240611
318 567.731757901176937450334730493575152
319 568.9239551796293684967534874168663
320 570.051114782463592038527016601327958
321 572.419984132452764045276927107347059
322 573.614610526758129987246032109643308
323 575.093886014494885607457172282198219
324 575.807247140928780709429332894430572
325 577.039003472098211216637089687739241
326 579.098834672036607431284364328921118
327 580.136959362384628672716276348033394
328 581.94657626590162555150611454472414
329 583.236088219167278261960573649485527
330 584.56170590346552836694589339345438
331 585.984563204988300574187258985589033
332 586.742771891250155644771845087345288
333 588.139663266247956417554235270490819
334 590.660397516765275631032003310274145
335 591.725858065048056649222446472740598
336 592.57135830022556982077271612031631
337 593.974714682231029243805174509381497
338 595.728153697388949177020920732867633
339 596.362768328393684089579097070462552
340 598.493077346164754401063582936110171
341 599.545640364364853997515395144445602
342 601.602136735932636051738107595968419
343 602.579167886387354298822724542837729
344 603.625618903579160672243966857451426
345 604.616218493753232914639602788649426
346 606.383460422109041088674311239883908
347 608.413217311187325175126723757179629
348 609.389575154720080527323879547898918
349 610.839162937739406926702537767778854
350 611.774209620887204635168361972657126
351 613.59977867563711940518645618591447
352 614.646237872232621525553083987619305
353 615.538563369407027853474265895699638
354 618.112831366442373382540227024580842
355 619.184482597953634249028146424311683
356 620.27289367222752191908557259479307
357 621.70929452794862295729863306084827
358 622.37500273977900921788154377912368
359 624.269900018177880834772947038749791
360 626.019283427654382198336217405895674
361 627.268396850783020751997645596383386
362 628.325862359460361935943815665121363
363 630.473887438292045870606586776348589
364 630.805780927197532641871725248146697
365 632.225141167115951952154705929610544
366 633.546858252251777484197133458782433
367 635.523800310605453810525581751117702
368 637.397193159837307173748074287929467
369 637.925513980822581093428839716523964
370 638.927938266856770193772690921372022
371 640.694794668825667623187538498697866
372 641.945499665705294545378538553217608
373 643.278883781397889361143362803357066
374 644.990578229748002512443712324699298
375 646.348191595501592033880941621662433
376 647.761753004288883793766808952248677
377 648.786400888782440771080133769474514
378 650.197519345256459083253897592356129
379 650.668683891395982530560633054675319
380 653.649571605394691902086864959449304
381 654.3019205863193422754706163229817
382 655.709463022355636316026742750395953
383 656.964084599460617422869896585763864
384 658.175614418605399744879807909276802
385 659.663845972964107831165182146023549
386 660.716732595279270052158881251814867
387 662.296586431100410644378266391805772
388 664.244604652273013449890257261437588
389 665.342763095599040542788169792515854
390 666.515147704172960548775095819232154
391 667.148494894555429941069213274532553
392 668.975848820235131406192279662263616
393 670.32358520586258403442955331722186
394 672.458183584169734181365086335177887
395 673.043578286147645770131040651320625
396 674.355897810123167896156320106087858
397 676.139674363626748203178135714343581
398 677.230180668763973247854799569612808
399 677.80044474622133491893875739326965
400 679.742197882528217719525938911270159
401 681.894991533151889109452411081367633
402 682.602735019750545487540836644871102
403 684.013549813869505236194127958794655
404 684.972629862098452545736661738344445
405 686.163223587727949603473006711388552
406 687.961543184703648482796337489684921
407 689.368941362272368423255192825172551
408 690.474735032350397693943089453903044
409 692.451684415520848849846652365059322
410 693.176970060601824845623097508093328
411 694.533908699873140015630704541932416
412 695.726335920926730167801428227729324
413 696.626069900345614970902818519561003
414 699.132095476013506710816169587951024
415 700.296739132143494568012149844110173
416 701.30174295464615568517391403947558
417 702.2273431457605001194353198103376
418 704.033839295525309322653072295825906
419 705.125813954619227666867479439439232
420 706.184654799517919025810985016000894
421 708.269070885109899995269028639629802
422 709.229588570284300709034693303561905
423 711.130274179685431565474856390377757
424 711.900289914375312038915079053211445
425 712.749383470101290254610574367221528
426 714.082771820669393076924527165968425
427 716.112396454052110148182026475930998
428 717.482569703100190714441897579322689
429 718.74278654548589398844918268490918
430 719.697100988365665132690960897588699
431 721.351162218536417128386158696358288
432 722.277504975674237340376143660185967
433 723.845821045128415511671922403680278
434 724.56261389037907959224621677140489
435 727.056403230049381617648405277890931
436 728.405481588934060034744355232931105
437 728.758749795614268566130632273390542
438 730.416482122756434709944039354357929
439 731.417354918598525080749356960295109
440 732.818052714499849208567526887771123
441 734.789643252377994252312510003404403
442 735.765459208578321076932188805232422
443 737.05292891226530804231054087698869
444 738.580421171373822521705448091709881
445 739.909523674041944029700959387833157
446 740.573807447295010515035971597153101
447 741.7573355729416732758611620027917
448 743.895013142473659381550149197866089
449 745.34498955061187432564054848359251
450 746.499305899432329509605006618627436
451 747.674563624269528359569367872952724
452 748.242754465084547868503294698934261
453 750.655950362124299866807438370294599
454 750.96638106665083726845841969542878
455 752.887621567202374749507705003126684
456 754.322370471712672685103086250592713
457 755.839308976037829872792440370004429
458 756.768248439950930720133210234743911
459 758.101729246412583411489768291044108
460 758.900238224892374767435392905409947
461 760.282366983512064531869600862103691
462 762.700033249691054728068999908576756
463 763.593066172837222996973247172664175
464 764.307522724180221736251225825553135
465 766.087540099836205394422464826921088
466 767.218472155539514082499410162404147
467 768.28146180650923082345666502621479
468 769.693407252624424325006654910419231
469 771.070839313678316321187221916119285
470 772.961617565757024337829165945268316
471 774.117744627940507402141909396557089
472 775.047847096580508050016992969205371
473 775.999711963171442477731582603031053
474 777.29974852959256481651097706287494
475 779.15707694918900406392453774212001
476 780.348925004181670538127783550794973
477 782.137664390812094754317687327786403
478 782.597943946073539866166505744092889
479 784.288822612465501463146099665775693
480 785.739089700715051840646187769078734
481 786.46114745050627745989678749687849
482 787.468463815910038381473499623029883
483 790.059092364119564294946003254681971
484 790.831620467921035019082931394798387
485 792.427707608604526866391070189121582
486 792.888652562622588042242753206353105
487 794.483791869893164481318375277446284
488 795.606596156162412627912558047764936
489 797.263470038035584916191704577417563
490 798.707570166296211309691953421728213
491 799.654336210897632772826890663537578
492 801.604246462982055966676616142437137
493 802.541984878418149662417141058968116
494 803.243096204270194190226229053820306
495 804.762239112661763951595783963037879
496 805.861635667094802836803191542726387
497 808.151814935993747392355858580942386
498 809.197783363300710387719604795018255
499 810.081804886407099891524729901471525
500 811.184358846506260337884327464879929
501 812.771108389109342719801288662324703
502 814.045913607510993501967600780720221
503 814.870539625872567784019686956785301
504 816.727737714394716316502574837724079
505 818.380668866361676511586775026305425
506 819.204642170823862605824038846337599
507 820.721898443869287466431021823459334
508 821.713454133379401809876034464967611
509 822.197757493404277143581855586050126
510 824.526293871629748163766484928459375
511 826.03928737657438354801416353322056
512 826.905810954080771979664450913494212
513 828.340174300489900370504215075921766
514 829.437010968309333623047591492318524
515 830.895884053317400730078617611141586
516 831.799777659070583074324608372840421
517 833.003640909154199538311254207993017
518 834.651915147825575807345339876013824
519 836.693576187591867168870340759146337
520 837.347335059531514767486416315721504
521 838.249021992732145836547095911626229
522 839.465394810282475550310302200116399
523 841.036389829013423724411484718007727
524 842.041354206526371333367699200202713
525 844.166196607350768821346101125667798
526 844.805993975763726881284776649636491
527 846.194769927693997763662518539976633
528 847.971717639512006636327584785376125
529 848.489281180943523824886730334724387
530 849.862274348697826264344714707756479
531 850.645448466004092378242048187658647
532 853.163112583389155325839472071266833
533 854.095511719869058620018221632102268
534 855.286710244404936348228437570601574
535 856.484117490791662854034924901596981
536 857.310740602603826032964229955994639
537 858.904026466475694412829573720758814
538 860.410670896014670751594140146327252
539 861.17109821271533760597511040114225
540 863.189719771908934236110130065738794
541 864.340823930069540855687499765244088
542 865.594664326515965395106877075393479
543 866.423739904042641462979588657951731
544 867.693122611785006238768527107321133
545 868.670494229131596667838274574577096
546 870.846902325754016205795275454079099
547 872.188750821613207755873228081632561
548 873.098978971281981498325402957289281
549 873.908389235337530439629985771894303
550 875.985285108780322374392441196740717
551 876.600825833027442397243130019073679
552 877.654698341033475144022093138323977
553 879.380951969790982456461800072034623
554 880.834648847939390283032287251973406
555 882.386696627196461252384650432768675
556 883.43033183870164568456833743642868
557 884.198743114594726960384279154274715
558 885.27230447961712705119808610060106
559 886.852801962916298372033329946974417
560 888.475566673817194773726388748862733
561 889.735294294090737097412188143115765
562 890.813132112528063686195924306680251
563 892.386433260155869341740999279223604
564 893.119117567294258336175542937449601
565 894.886292320868716142192903603381844
566 895.397919674782965055396859394562641
567 896.632251556202720033526586720790549
568 899.22152266838341939009564393985314
569 899.858884607937483444265855311703106
570 900.849739860521396117824641246538616
571 902.243207586752288461640447842380594
572 903.099674442630454946665046380745638
573 904.702902722281320774324091425716998
574 905.829940758222209404839410730313838
575 907.656729468967525311556713508472701
576 908.333543645060925280708196675194375
577 910.1863340571798425653525516788079
578 911.234951485955504092597501286587148
579 912.331045600035587248807167171515325
580 912.823999246743395377992216658737679
581 914.730096958375613338375239213699795
582 916.355000808642765891420842947999517
583 917.825377570426783026483964334048877
584 918.836535243529029571248982618952885
585 919.448344439682304781765129352318061
586 921.156395507154853367399405219025952
587 922.500629306636770266245329087773531
588 923.28571980242224267394310255296081
589 924.77348393347666441624645576483012
590 926.551552784603028941592375054376439
591 927.850858985753594147870961588075628
592 928.663659328934892288756290357944442
593 929.87409285064775477710606749815778
594 931.009211336628072954276166765451213
595 931.852740745520079921686342350997866
596 934.385306837258464754414541192579634
597 934.995424863846459617609737645167553
598 936.228649379282927213718663913772713
599 937.532925711970381272916233885582695
600 939.024300899218382184218418709179382
601 939.660940614528165985600754474741259
602 941.156999642042372607770996943686838
603 942.052341643375497874389945634982504
604 944.188035809572744511978501615103449
605 945.333562503045946141542238920996362
606 946.76584220472785115673216721824122
607 947.079183096254877965119474543029672
608 948.346646255044967166605085993835866
609 950.151612684643840864746810350845302
610 951.033248733823509974499410476398341
611 952.727988619850626084667521323932478
612 954.129719269551415336758009414416942
613 954.829308938216637119513762838101712
614 956.675479343289796023142032133227638
615 957.510052596423722467728769116932147
616 958.414593390136180970003999467254656
617 959.459168807068112560999609039154462
618 961.669572474192753342668657503198756
619 963.182086671311446997132189972171851
620 963.567040191612270671862099519006822
621 965.055579623751116224926694815307016
622 966.110754818410204018724621286119773
623 967.371153766262854315164778204248507
624 968.636301906087326408089905498083009
625 970.125610556941175479215119589240599
626 971.071491486385727940251034560856246
627 973.185361294301194221649096958450789
628 973.873078992653597194232563465327142
629 974.774635065837429875303154847023664
630 976.178502420589609344187798159243787
631 976.917202117050622021417267171787976
632 978.766671535112974454023006740425062
633 980.578000639774418061338952502475601
634 981.288615301758969459364434347129422
635 982.39648516877897840141022187220094
636 983.575076006431328755533113442760041
637 985.186928655773435769528565149031388
638 986.13051511018452664937398821863034
639 986.7560084076560356217778391176729
640 988.992622370657406607366183666713774
641 990.223917804027972362978130576369386
642 991.374294147761505431863433260285953
643 992.728696336732659443627396933093445
644 993.214580957442953707523071121343858
645 994.404590571094491900027805466234751
646 996.205336164298286483527981449301519
647 997.511934751939229211029840075440247
648 998.827547136929633130519615446639297
649 999.79157155741294046316314715784707
650 1001.34948263778273712210330965310627
651 1002.40430548839171130815932756643597
652 1003.26780817945324825752820190144801
653 1004.67504412117289422613334686960068
654 1005.54342030437836419661104810414398
655 1008.00670430706364619813982012510094
656 1008.79570990074228234577255710976025
657 1009.80659074696462945728193574860268
658 1010.56975701106107589856651569183191
659 1012.41004251576159684285326184437209
660 1013.05863809840898507265263765434864
661 1014.68963262237040468814643795348262
662 1016.06017894264737813028979489206203
663 1017.26640236435540666971486197979593
664 1018.60557251862015495098356756652984
665 1019.91243974394403836167151669517273
666 1020.91747501726367831614708449209293
667 1021.54434449990465190712408496830722
668 1022.885270911716347825999663431359
669 1025.26572419772769636662831177826227
670 1025.70794437146288923772770124662746
671 1027.46769351558777027339742302136321
672 1028.12896425549751787766953177484367
673 1029.22729744396136673112870360442245
674 1030.89736879059652356072655573954196
675 1031.83318029740776254122422422635235
676 1032.81288303515885146065144095832036
677 1034.61291552952081006617434064953509
678 1036.19591735805474025398292788648686
679 1037.0247076462817497505772639763117
680 1038.08775224061883643734694233617097
681 1039.0774014368966887266795988013887
682 1040.26403793769576083115292605199008
683 1041.62152801454227415471170843424934
684 1043.62395434962149387045009545198078
685 1044.5149758290787681146033133725611
686 1045.10704235297791139065039553765577
687 1047.08981748429478422111465051591324
688 1047.98714748960047113132159650993283
689 1048.9537851946859616330570245435337
690 1049.99628425659321975563019979329174
691 1051.57657184320519579557814932074257
692 1053.24578515838575762561052075907168
693 1054.78103947828134990679879295409544
694 1055.00214647568573620935338243341848
695 1056.68884736382822985752479064879393
696 1057.10004365961778360306108571795536
697 1059.13376910689714622942129969240276
698 1060.13951856160781909723899340878569
699 1061.50130446506842006312021183235302
700 1062.91538150788056360245337469960214
701 1064.07155107171854042528603049092037
702 1065.12185510629305547857982308406178
703 1066.46322346924298194377881913147334
704 1067.41886012096455805934517635858032
705 1067.99000007904262546773556431005192
706 1070.53504199682926280935309979209878
707 1071.61862321508953790472805548055998
708 1072.54399801112155534878281899385265
709 1073.57035316509372543772770859885054
710 1074.74777104431099857929421566592143
711 1076.26662559417740986500375023729646
712 1076.92405606575444688758536163948702
713 1078.64719848095636469429051482032038
714 1079.80996542925906921357166425045337
715 1081.17100234346780378506647948186825
716 1082.95274972306966866079199183255202
717 1083.29546651408560676834067985502943
718 1084.18326431043021614316384861728735
719 1085.64783120863934071202006656479118
720 1086.91199898982509311556569033465919
721 1088.75572467480880147169712500191368
722 1089.79533792407477495842356921281042
723 1090.86319102624886078500898990108899
724 1091.72847296693682899939930519482843
725 1093.44087327236863468079558566610041
726 1094.28445752375415983633855919131359
727 1095.43308475866147868966748486998332
728 1096.40191779474252850214945541887428
729 1098.8410154666498617872947335026873
730 1099.36066717857179559461651180188469
731 1100.57446062246256321862442694052901
732 1101.8391111687560134050112143502507
733 1102.55177989991772274678594323652652
734 1103.73229717454693584759611009966978
735 1105.61718883076207151732080903374394
736 1106.7743716758327751009174477157222
737 1107.77453195501013693315167080612248
738 1109.15891885676645188780517506350434
739 1110.44414299361320580327302821049649
740 1111.4435047648998965874183727754231
741 1112.43299540807644458068791937081262
742 1113.39759511480199351361443356940619
743 1115.06535946156660567653023280966461
744 1116.78725388121452419063303991315025
745 1117.96591966919967094547758237583357
746 1118.68413486101839090387812254357806
747 1119.47324742617898290186144726043981
748 1121.15593767581056990537337073351404
749 1122.45862135688051225413285442381612
750 1123.10111738780920016666445553370305
751 1125.31472939784647007979897680246091
752 1125.76344242925255946644397200912249
753 1127.65802352721571923077527399902908
754 1128.43022461389271137210602852059999
755 1129.72899677706556217508915555843496
756 1130.39159789623167083201090770750963
757 1131.49508556191704322228689235377341
758 1133.70862566945623585141027524560457
759 1134.88565459153319643062419834163198
760 1135.56221397547754595652204639733663
761 1136.92929348096952978546966730507603
762 1138.15158977980554072923353189855333
763 1138.99234182049363589385999201657885
764 1140.72184817190335975265532985926348
765 1141.26102296413675832998228156928882
766 1142.85865960785648111849879984157306
767 1144.78229951862534187706529086025468
768 1145.48532751711710680801728151048479
769 1146.57681492486695340605174448165075
770 1147.50177652331931609129983473228573
771 1148.6152772088340190037672330442907
772 1149.98260102810709766544881666306518
773 1151.56281472367321814938869658159148
774 1152.94312853058979595163865949671169
775 1153.89030371627126802658298270844656
776 1154.69751953538238291317121265474453
777 1156.6215678338725434105791154226444
778 1157.43231457561090633286525220831778
779 1158.0016090272949661450866871131301
780 1159.48065701902229730940483494716586
781 1161.39664463437809149848889052177698
782 1162.4875286020054278040176870124723
783 1163.70103168277861558764219650973256
784 1164.73758635122760993462021763554179
785 1165.27122770645769360553358793442035
786 1166.94361340952871267710595415354027
787 1168.08627161013879429793792812272484
788 1169.69835688488490618646851339588635
789 1170.46363857828366604121603015796289
790 1172.12068186569559984640074032850022
791 1173.30568776404835872704216186187937
792 1174.23276685645630265206436164098254
793 1175.21545239595077524703093295283165
794 1176.6328758097884586329938288945023
795 1177.10630442165614694900011925892787
796 1179.7012235019338980325839772036989
797 1180.65354378708438533087396984020286
798 1181.26731815168001895913297569411026
799 1182.58227034692039044004111927585609
800 1183.71277529597431534989039839618199
801 1185.155842847465792283020140904131
802 1185.87535869535662001261908936882801
803 1187.34516149326730995554658373717807
804 1188.85644429822930678880615193541899
805 1189.96363649791844334374863710837033
806 1191.48260592641347086513337812584014
807 1192.2186114781015450778922055720777
808 1193.32402142745508027538966148938079
809 1193.85742713543699196594116618469397
810 1196.03467174867106223211153987178332
811 1197.07178665882196680447946665306762
812 1198.68656910463056647648701179392812
813 1199.35651370789396813188111093211786
814 1200.53269203121991431033825902817976
815 1201.81033485660604978646045853358356
816 1203.13735086142547945283349011426675
817 1203.85524759409700202700258880897056
818 1204.98549217146641071558655935981088
819 1206.87049979385306829213794582785059
820 1208.47145994953103146299915247123464
821 1208.9894841679390256766525446907885
822 1209.89803008754595575337847873708912
823 1211.41611589279812306047898320152325
824 1212.11315306631979262439428002461373
825 1213.59837268036821848513505293525414
826 1215.38997506504563426981377020747353
827 1216.18372203346741672377276524253647
828 1217.17448249773891903977191429410906
829 1219.05002817740616350927683057306243
830 1219.61447131085848431022171949134304
831 1220.81634769097813143068536174435351
832 1221.69224248314373321179252387997675
833 1222.95248409510835824256424264737395
834 1225.01833002416853919735175705336648
835 1225.85502076079571539666136687144174
836 1227.23182764149093192414616116008547
837 1227.9171416144000444059463490981109
838 1228.79315436298117176917903378193601
839 1230.58460315424927571950175884263513
840 1231.56227387764539816471817863022603
841 1232.52958704059789555103413754845645
842 1234.27781665343178804884422490530468
843 1235.5025485265209973187174269125795
844 1236.39901746577899586544435850324981
845 1237.97729851358114551342643554378816
846 1238.45723279566180711633342498123413
847 1239.49080714679575427770467537975951
848 1240.81347178521626689152020599599042
849 1243.07807639802111888151951406529347
850 1243.53814652611425998047386857526732
851 1244.85143396698385856458168269921611
852 1245.65586618814782247880387457743482
853 1247.37256196985564391570417617922245
854 1248.06306105320819868514944995769848
855 1249.15988795300298334058331420539548
856 1250.67239727567811715508952789114578
857 1251.65983200427122118003758577641491
858 1253.67357785210710201838026180027273
859 1254.43132842177344936851675309683398
860 1255.4082306452907346383815548335883
861 1256.18121419846086606825574420389862
862 1257.54121941264411442682318818396184
863 1258.77923348859505319067135704049637
864 1260.34454831618551986817907054653636
865 1261.6117171614798399043252592093416
866 1262.55661400035622434255773502019905
867 1263.67673284386179333039961448282021
868 1264.95722300699978928769561399760278
869 1266.17903776056206224282999959744797
870 1267.20034561184548922028994590615987
871 1267.5705717794402234586437783671609
872 1270.1189218864926039251911784333259
873 1271.13429963160999140029168189975241
874 1272.08395959933289742289564658200442
875 1273.26114463345575281372748971958771
876 1274.19622088948035882812245875372632
877 1275.09203031584045778167132741873561
878 1276.84217155556979468553518857399138
879 1277.76309198634682092060961851387858
880 1279.33284331670825139428523031815936
881 1280.15579440902293046659147723539698
882 1281.82872695969993392886498125225169
883 1283.00049138669967660770311494140215
884 1283.3350321388792806004825547251586
885 1284.85479515462165784043116093640905
886 1285.69502333113859277477494849809525
887 1287.41002661707531613167278663518472
888 1289.16535153277306148141311043528493
889 1290.10477151980733788952180903264189
890 1290.41770807304250366254360220698884
891 1291.9458709680831984004580379146547
892 1293.49398155741744506202044684698472
893 1294.11847437784835238610977798373822
894 1295.36536350535825025493217308746107
895 1296.80111099234729150219411386922311
896 1298.25652706788952943234922217635966
897 1299.40517125074397839831602345983125
898 1300.49001898244763839347094334300256
899 1301.4955166805750583563560183729329
900 1302.34674237924691792051325317518877
901 1303.27320022879414346915600753038294
902 1305.40167218800438466301231565148704
903 1306.50839331296883697173372083462605
904 1307.26724210780242709778415133178468
905 1308.98819651764338724210833508043005
906 1309.42153249325596667381081181452667
907 1311.05657051111189666393233577492788
908 1311.96694060804935486881097124767109
909 1313.03159936901966455244294615055883
910 1314.05256565172616619337346662206475
911 1316.21211260285404978029035368412313
912 1317.07298603482995500100838926841054
913 1318.17127913216505254858033713085379
914 1318.94788059656633833639128103809351
915 1319.93108287753647305203528016739058
916 1321.62813855191241805746592566198748
917 1322.25806712339115794519369842554328
918 1324.22497871884433091322919573550871
919 1325.23762435898233535349746517991764
920 1325.98196963044628122304204462262197
921 1327.63528110845744964035174073332606
922 1329.04351799651860123981185241544283
923 1329.20501878548363484761847414112358
924 1330.42993712045926318266079102464215
925 1331.82759138528521752354233075963637
926 1333.67352261028493327097587170199854
927 1334.74732905168977653033947812424247
928 1335.69497452600206658901528423989271
929 1336.69018465338587105353524108092232
930 1337.68879180966994960314843995588685
931 1338.9231645986703498289819693065619
932 1340.42640045730017578973402243639416
933 1341.16627225292638707193512836593812
934 1342.60850788377686132750037330700233
935 1344.15604400359579099820432947856602
936 1345.47710626139871442740730105589866
937 1345.73141325541840775900672218344734
938 1347.51947175089991110722673330308456
939 1348.01723801873641009162403812104265
940 1349.08519401404765798073943801203948
941 1351.29620637409671800983768238054689
942 1352.2104651591755383794486596910426
943 1353.48333835826457655375617836126208
944 1353.88678197169622768423604691298732
945 1355.68059532063649188685750844140183
946 1356.60565570980795391967452197373487
947 1357.77174282857946407180141889885224
948 1358.46016039915902643735518917263509
949 1360.39314476219115231208975191028771
950 1361.39307471363968169889076292892925
951 1363.02232860328075683854273790457175
952 1363.87919079713447243796469840169052
953 1364.57658489675397264127974593094915
954 1365.49373355129524726543577403118626
955 1367.10409097000823087995515535114948
956 1368.33019330798589489487770208549604
957 1369.686949077342916601033749078363
958 1370.97352276778364404592166902098293
959 1371.68655355282739112882953205348964
960 1373.20291456237338210329637027369547
961 1374.15479865864064562651979378081027
962 1375.30239234474890215482055482080571
963 1376.16177999361935203876481201606431
964 1377.17763364210462632248192583515334
965 1379.68328302861292638577157816413308
966 1380.14857844169240306392815197554454
967 1381.07397714920563487065655338723567
968 1382.34566297847367988774238944092845
969 1383.29759100794647490331675783186463
970 1384.44441584776008297339562919020296
971 1385.66377701119268643887391387262719
972 1387.32664766348953060569725013750021
973 1387.9214541271127970231685032052691
974 1389.5658317983939371950096554584768
975 1390.70549028642766512151462316959608
976 1391.85320044326975538452689070255644
977 1392.64402778854864825583102564059305
978 1393.43340174079366502641747107533483
979 1394.8841846756803544790294755683397
980 1396.54416312368250177024763694644678
981 1397.83462332138722427931535590016571
982 1398.83767520138586523391078162355145
983 1399.83947294120648146705398574614329
984 1400.42694629739429826105142502453652
985 1402.5643472500659938171911112439515
986 1402.97374764091920805049731875582848
987 1404.00629217052275712944072795073369
988 1405.66697505924687509225732525413037
989 1407.08514277643648684120386155394558
990 1408.13630749618955075476410921656879
991 1409.32068107983895724971118285255603
992 1410.02481072580222583308329943154881
993 1411.25705681570662386002423077869536
994 1411.9656534617730042844941774171135
995 1413.84314878856885299879760363996619
996 1415.58578479549535120899303853581604
997 1415.78158130328291008277203666039404
998 1417.10282293382261475562496432564864
999 1418.69696385245216567523305182987458
1000 1419.42248094599568646598903807991664
