1 1 0 0
-1 96 2 3
1 64 2 2
1 18432 4 6
-1 3840 4 5
-1 64 2 1
-1 5308416 6 9
1 2038431744 8 12
1 128 2 0
19 24576 4 4
11 5898240 6 8
-1 978447237120 10 15
-7 849346560 8 11
-5 3072 4 3
-901 82575360 6 7
1 563585608581120 12 18
18889 237817036800 8 10
17 652298158080 10 14
367 7864320 6 6
5 2048 4 2
-5 2048 4 1
-407 2621440 6 5
-6649 11890851840 8 9
-2131 5707608883200 10 13
-1 15655155793920 12 17
-1 378729528966512640 14 21
1 290864278246281707520 16 24
11153 8766887244595200 12 16
26405 8455716864 8 8
427 1048576 6 4
41 32768 4 0
88651 22830435532800 10 12
23 180347394745958400 14 20
-13 60596724634642022400 16 23
-8503 2524863526443417600 14 19
-1 251306736404787395297280 18 27
-3781 264241152 8 7
-66727 3652869685248000 12 15
-21543701 669692775628800 10 11
-2603 3145728 6 3
1 241254466948595899485388800 20 30
29 93076569038810146406400 18 26
703 96954759415427235840 16 22
229787 3606947894919168000 14 18
2320279 11111939388211200 12 14
26988341 121762322841600 10 10
32851 603979776 8 6
2603 2097152 6 2
// here endeth the 10th term
-1 254764717097717269856570572800 22 33
-1 2513067364047873952972800 20 29
-6103 465382845194050732032000 18 25
-52889 302983623173210112000 16 21
-413542091 432032203413651456000 14 17
-13891121 6964804866539520 12 13
-31587481 24352464568320 10 9
-5377 31457280 8 5
-2603 2097152 6 1
1 293488954096570294874769299865600 24 36
1 2205755126387162509580697600 22 32
229741 11258541790934475309318144000 20 28
40459 103418410043122384896000 18 24
8283026179 2488505491662632386560000 16 20
135149833261 11232837288754937856000 14 16
1681009907 102864810336583680 12 12
7040165 1082331758592 10 8
351937 805306368 8 4
2643 4194304 6 0
-1 366274214712519728003712086232268800 26 39
-19 40762354735634763177051291648000 24 35
-30073 1080820011929709629694541824000 22 31
-37117 50261347280957479059456000 20 27
-733972733 79632175733204236369920000 18 23
-7804440109 147048051780064641024000 16 19
-2927256839861 22465674577509875712000 14 15
-71350619 612290537717760 12 11
-15136141 541165879296 10 7
-88645 100663296 8 3
1 492272544573626514436989043896169267200 28 42
41 93916465310902494359926175956992000 26 38
76997 2282691865195546737914872332288000 24 34
12975523 10808200119297096296945418240000 22 30
965416409 45868133222325640149073920000 20 26
4636378387 25560945297077903032320000 18 22
1890353754197 2588045711329137682022400 16 18
3706405599341 2995423277001316761600 14 14
227026787 311711546474496 12 10
1760589 17179869184 10 6
88645 67108864 8 2
-1 708872464186022180789264223210483744768000 30 45
-1 2663812470636507112754269718052864000 28 41
-12091 328707628588158730259741615849472000 26 37
-1626689 951121610498144474131196805120000 24 33
-57588919 1415359539431762610314280960000 22 29
-266385863291 532397974901994037444608000000 20 25
-67005059927041 21739583975164756528988160000 18 21
-10813807654843 1222132697016537238732800 16 17
-636513428063 61131087285741158400 14 13
-623025521 155855773237248 12 9
-5423599 17179869184 10 5
-88645 67108864 8 1
1 1088828104989730069692309846851303031963648000 32 48
14791276170907 12879771808829039753859956736000000 22 28
47 157527214263560484619836494046774165504000 30 44
689419697 10145297178646874390732765921280000 24 32
3558451 1643538142940793651298708079247360000 26 36
597829 16409084819120883814566301463205642240000 28 40
171428318337113 16696000492926533014262906880000 20 24
101606710201727 2199838854629767029719040000 18 20
39964483534567 418270013952183867801600 16 16
5325890905 277076930199552 12 8
1430331 2147483648 8 0
27472575 34359738368 10 4
1713640689847 21944492871804518400 14 12
-1 1776967467343239473737849670061326548164673536000 34 51
-67671121804409 363887190230450078515986432000 20 23
-10083888217423369 360633610647213113108078788608000000 22 27
-1324731205785781561 2140003237783837366510682112000 18 19
-925260744047 412152697882529272123518615552000000 24 31
-1 4536783770790541957051291028547095966515200 32 47
-10190242393 102264595560760493858586280486502400000 26 35
-333233812841177 359450793240158011392000 16 15
-49760215 618475290624 12 7
-3826723197569 7314830957268172800 14 11
-52049 1575272142635604846198364940467741655040000 30 43
-110367077 68719476736 10 3
-1443721 586038743540031564805939337971630080000 28 39
1 3070599783569117810619004229865972275228555870208000 36 54
11477389391 39582418599936 12 6
4161111842369 1329969264957849600 14 10
331101231 137438953472 10 2
3581 129622393451158341630036886529917027614720000 32 46
19096146496874115577 6327561573479250325298784868761600 20 22
272932782402810773 454131213407601697987951067136000000 22 26
53 348424993596713622301539150992416970228367360000 34 50
7656650083 58904407042998044462545697560225382400000 28 38
7230580164277 1899199631842694885945173780463616000000 26 34
241041370593854591 32180499816298306263318528000 18 18
3113597116844989 383414179456168545484800 16 14
381571 150025918346248080590320470520737300480000 30 42
2011889373174119 31473478747393144416705057914880000000 24 30
-1 5600774005230070886569063715275533430016885907259392000 38 57
-7297531331 8246337208320 12 5
-2720936405041 478598307224359111258183792676831232000000 28 37
-97283 40506997953486981759386527040599071129600000 32 45
-4398444466419306149239 379653694408755019517927092125696000000 22 25
-22034669932747 342334088800150487040 16 13
-2060921248178380817 25029277634898682649247744000 18 17
-1 10154099813389939849930569543207580275226705920000 36 53
-13286752784477 797981558974709760 14 9
-15942404346669154811 359520543947684677573794594816000 20 21
-331101231 137438953472 10 1
-19697910771119761 12261542762005245845674678812672000000 24 29
-8325973944093053 66471987114494321008081082316226560000000 26 33
-4019 187613458090538104316213388995916830122967040000 34 49
-1245502283 8168077776629062165473003395017919692800000 30 41
1 10753486090041736102212602333329024185632420941938032640000 40 60
1039499 497749990852448031859341644274881386040524800000 34 48
332727711 274877906944 10 0
66540631045322715923177 1836916435027320286435538442540967526400000 24 28
361888761444289010497 1786605620747082444790245139415040000 22 24
117753804989 52776558133248 12 4
22411 1447420773399584153153739367613589624686861352960000 36 52
2431103703048530417 2944620898223374429323264000 18 16
59 982591930742117699398081353557111128073137878466560000 38 56
311274631265011 674134821021834805248 16 12
13899745416281 177329235327713280 14 8
232544268738862214941 391314877766187404161953300480000 20 20
1259995823308801 5890440704299804446254569756022538240000000 28 36
50407933481 310517644756330427282621697065001235041484800000 32 44
713214794639 94247051268796871140073116096360611840000000 30 40
391261681973226653 107621312471086043536893180892938240000000 26 32
-1 21679027957524139982060606303991312758234960618947073802240000 42 63
-5570357192224960859 736155224555843607330816000 18 15
-57365288739959 177329235327713280 14 7
-720737 68781435151948238957865694748997778965119651492659200000 38 55
-31 896123840836811341851050194444085348802701745161502720000 40 59
-2826980539 17885816337964632611479009750944071138389524480000 34 47
-52545964533487 17555594297443614720 16 11
-320760053834488133 45200951237856138285495135975034060800000000 28 35
-1600403017033 176430479975187742774216873332387065364480000000 32 43
-1247450971385734382249 1682157907534176086479430808187699200000 24 27
-1859981 1105668646346904561436884239149269852191352422400000 36 51
-29521633175 6597069766656 12 3
-2372610902945641 7351269998966155948925703055516127723520000000 30 39
-3496099209332973179 478881843420159410687705088000 20 19
-79369059386761906652327 24510975358319622312736345596887040000 22 23
-24554570255053941128141 259329379062680511026193662476371886080000000 26 31
1 45786107046290983642112000514029652545392236827216219870330880000 44 66
8923641924017551 510708197743814246400 16 10
178780629527369598426119 846451093260589187989496114322877836165120000000 28 34
58546154066959 50665495807918080 14 6
371648912001524687 4505269974281762876864593920 20 18
6226130829602878619 98154029940779147644108800 18 14
5052758613658422313 416571966608082170439123173145913904332800000000 30 38
901291339909 91254164989615472507545968117061587440762880000000 34 46
4299496135453373 9880106878610513595356144906613675660410880000000 32 42
1795576438925412427419077 801563535284648852262780411290604011520000000 26 30
173559167 137562870303896477915731389497995557930239302985318400000 38 54
98393 14759686790253363277546709084961405744985675802660044800000 40 58
1 52940239212513162349354349948696734452344226175694929920000 42 62
4054567999 28617306140743412178366415601510513821423239168000000 36 50
26935428344847779307178517 1937347492321582947598680755977951641600000 24 26
1927963565373552964655693 40496394070267202081912223160074240000 22 22
29521633175 4398046511104 12 2
-1 101095724358210491881783297134977472820226058914493413473690583040000 46 69
-16708436736713011 908884290781270190048996014136539427635200000000 32 41
-1 102018955094231246974402853195253236509340991147986229657600000 44 65
-6393582275993950525820483 26611916103318447082399460933763072000000 24 25
-317 79236213295044371279461280350845441367817838519543398400000 42 61
-10355736799087201 19562611619648816918805166915095077807613542400000000 34 45
-58671347491 5961938779321544203826336583648023712796508160000000 36 49
-55516729 62728668858576793929573513611085974416189122161305190400000 40 57
-2379888642367406984047693 3681490370024291098355656650915840000 22 21
-137606044329296535697 160187376863351568955185561600 20 17
-194716891331086771 400628693635833255690240 18 13
-1166683125310783 12767704943595356160 16 9
-498338963144256922749337 1218889574295248430704874404624944084077772800000000 30 37
-16116157136302318668877 2821503644201963959964987047742926120550400000 28 33
-2535011291 21555435517704576311581841659230073179952027533312000000 38 53
-59254673263159 16888498602639360 14 5
-29521633175 4398046511104 12 1
-1067352653787880246015129651 21969520562926750625769039772789971615744000000 26 29
1 232924548921316973295628716598988097377800839738992824643383103324160000 48 72
17600474787275881 30048171447780582787284736381586039512494401126400000000 36 48
29906515332217 3311698729538248542415755673099893061283538775572480000000 38 52
2850501313973601136131433 350618130478503914129110157230080000 22 20
63047 27749155785630899177037576069108880330540749592252254466867200000 44 64
59608932861259 6755399441055744 14 4
2750355471252921343639748617 715328304857199857574897509899551375360000 24 24
71 14651554254813114765475840164489488814525515784709190358505881600000 46 68
1243965269762721062261 150764589989036770781351116800 20 16
7380599397870353881 295612797808026566773055855605881175759493529600000000 34 44
236905536669 70368744177664 12 0
7715641629694279 18158513697557839872 16 8
2348127652966480395644863 187521472968499758569980677634606782165811200000000 30 36
3343469 5735192581355592587846721244442146232337291169033617408000000 42 60
1465686354344956301 431446285453974275358720 18 12
1231772013781 13558196497152036863374485748922442189604385702232981504000000 40 56
3258927892402502276558891 4680535965293753973906717713759785282858647552000000000 32 40
3187594286639813290092587771 22496789056436992640787496727336930934521856000000 28 32
170940002795745517863577819709 175756164503414005006152318182319772925952000000 26 28
-1 559018917411160735909508919837571433706722015373582779144119447977984000000 50 75
-35881 29303108509626229530951680328978977629051031569418380717011763200000 46 67
-540842726701 8243383470268438412931687335344844851279466506957652754432000000 42 59
-6209949290716067759 287630856969316183572480 18 11
-344335682002028021413 4711393437157399086917222400 20 15
-1141117 3153313157458056724663360916944190946652357908210483462144000000 44 63
-1119787815006901 1886100607799150427263411145182631403245802409164800000000 38 51
-301950454612171 39342980906914392683899177396426729568048440653801062400000000 40 55
-119454771259187 6755399441055744 14 3
-6555425528424660011704057 114635946291217925893413062483902464000 24 23
-986808553534757 567453553048682496 16 7
-133501322508785301719137 5572066625349707111793711563999744384355532800000000 32 39
-474174306125424327494051 449331452668200381495044900520939387154430164992000000000 34 43
-1074386516772452307087397919 330835133182896950599816128343190160801792000000 28 31
-21000134954581655704977408377 59675693076022338373457359739883227321047449600000000 30 35
-15709547934584968495671703099 869541939410829956740394895150623490048000000 26 27
-37 16175315897313678701085327541596395651236169426318946155790493286400000 48 71
-6652636059315683884892531 70123626095700782825822031446016000 22 19
-522027710642412343 17027297153742330246128017282898755723746827304960000000 36 47
1 1395311217858257196830134263914578298531978150372462616743722142153048064000000 52 78
43235242747462842252629741 54563562536781072278786995415678976000 24 22
1084175587765885729019413 1054490617980462899636421525504000 22 18
599374695670830162781 1005097266593578471875674112 20 14
62229283 293031085096262295309516803289789776290510315694183807170117632000000 46 66
32527575402239947 5358199255674484968405596767974149153331653229522474290380800000000 42 58
16241870591 365245298374970809680665531166048510333613285231354460504064000000 44 62
38186883220231513 68850216587100187196823560443746776744084771144151859200000000 40 54
27202058218265349031146177239 87010694391986883260572328689536073728000000 26 26
2671307733179081 432345564227567616 16 6
2843569 4529088451247830036303891711646990782346127439369304923621338120192000000 48 70
1298830030826815555 10459303889793315766272 18 10
119454771259187 4503599627370496 14 2
43709068264642835880601 1078827017210565141644765667517261433744130048000000000 34 42
60654023606831564624891610337 877067799471227783266569073190523623178240000000 28 30
32941730883941613360052037371 43539385668265898077274489666218802653436219228160000000 32 38
1 967998125387291317592223237813976508583068424889320829686786922905600000 50 74
1401724333754931317 40865513168981592590707241478957013736992385531904000000000 38 50
4831360595529430712929 3361232684894589866768128087013780350661711364096000000000 36 46
592392137156092873670302384583 64790752482538538805467990574730361091422945280000000 30 34
-1 3616646676688602654183708012066586949794887365765423102599727792460700581888000000 54 81
-7717820112184509053 16074597767023454905216790303922447459994959688567422871142400000000 42 57
-11417257837 402199528563497268071885808436966359614425923501820911802122240000000 46 65
-23736797597230454281189 13378740311321973697388463056495465420356891755675648000000000 38 49
-627183678406362379 140220042772541639491584 20 13
-62980240325458502542080256028537 285079310923169570744059158528813588802260959232000000 30 33
-6718540003721120579 10459303889793315766272 18 9
-421124794911081 22517998136852480 16 5
-652945473682111180562107 63089182272335387157734621184000 22 17
-3185297 26958859828856131168475545902660659418726949043864910259650822144000000 48 69
-101494386318628954529648212577 20079391013535434598593614312969863168000000 26 25
-120264431390840893713489636311 5442423208533237259659311208277350331679527403520000000 32 37
-4282265175313636199720991737 2999842840301573838816998331069620852676945248256000000000 34 41
-1 2236075669644642943638035679350285734826888061494331116576477791911936000000 52 77
-119454771259187 4503599627370496 14 1
-72819059599427740742997700681 52989512884720011905688548171927468900352000000 28 29
-42151 137302891995723689521633769784666667927966810793511559789783724064768000000 50 73
-44118465157833370100491 4305836690086890173515387895808000 24 21
-256456456145249933 7285737204984146793314662480819764734823785306259456000000000 40 53
-108225460466237 24111896650535182357825185455883671189992439532851134306713600000000 44 61
-707065642302326707602919 11554237354325152667015440299109869955399632814080000000000 36 45
1 9721546266938963934445807136434985721048657239177457299788068306134363164114944000000 56 84
93983695088296530793 2820104871407623667581893035775867975437712226064460152832000000000 42 56
65205677 1043501979167500040364416650363466676252547762030687854402356302892236800000 50 72
1735612284888792033383587 868226731243550805065721698514329723919480847376326852608000000000 40 52
122925371953698092389662720737 1606351281082834767887489145037589053440000 26 24
356976880825630333105881170416561 71578355123566385727945589587321160824810110976000000 30 32
58342327937613909463837312730333 1253934307246057864625505302387101516418963113771008000000000 34 40
21653308853298053025311957 174967332168610140384117349416960000 24 20
119707878153867 9007199254740992 14 0
575584114204761698362988249617 240755386991243110008097018058323491152440917844033536000000000 36 44
262891061 15354143406213509742533745950155066640719137009473022878621368320000000 48 68
8453 58927170588282355220578822608760471129555638326438843542721297104502784000000 52 76
531021559591844845242021233149399 884184447417092084030805020913981838500550913556480000000 32 36
145689622764989 46782155690806787496782507191878718670941120575738116583299481600000000 46 64
398656455767036787762485307139 15592316435044049480294561301164864412057600000 28 28
628575899409810607 1624380405930791232527170388606899953852122242213129048031232000000000 44 60
34441687605146342191 11621448766437017518080 18 8
9331226021645596384683391 96489337592983533300064714752000 22 16
27071441645568371 576460752303423488 16 4
83 446499589714642302985642964452665055530233008119188037357991085488975380480000000 54 80
173942536966154879028419 2087918656028639352533613682286207088411039529697280000000000 38 48
150930679268573608729 4908899958942996199636992 20 12
-1 27064784807158075593497127067835000247399461753870041122609982164278067048896004096000000 58 87
-4223 65799939536894655176831594761445376604455390670196131821177633651006898176000000 54 79
-7438336511495950357992119875356553 487335579936028824093002182579782387594601892413440000000 32 35
-70101590084343261077 5810724383218508759040 18 7
-43 578663468270176424669393281930653911967181978522467696415956446793712093102080000000 56 83
-19778934083 9720967416271540259071689806104668814741012067685842406919372800000000 48 67
-8600622867892774619655233 83483339542649115871704009472531704223027004555416043520000000000 40 51
-40415209744606430177459839 48244668796491766650032357376000 22 15
-11041334311994784714802411 127778631852519483487653393585642138222041078169600000000 36 43
-1980427862672812379 67682516913782968021965432858620831410505093425547043667968000000000 44 59
-85361012547967175775401369 41258134268693534256723095113400948480653729867323052035932160000000000 42 55
-56729186509 5797233217597222446468981390908148201403043122392710302235312793845760000000 50 71
-7891906234738727 27064057011210538221279136391995952950131226779352629428355072000000000 46 63
-205516949459797733745354013909 460268816049040819206945869312811230822400000 28 27
-3826564414851549892808789 2739873058684279670850189262848000 24 19
-1244264706847560594937720000163 346687757267390078411659706003985827259514921695408291840000000000 38 47
-3131329698206406293 16233134784864405422080 20 11
-3279507092933414882445475525804031489 31065006123627811405928385880897383797967588163584000000 30 31
-6777836067904915 72057594037927936 16 3
-7789232656469248259027789686016299 5517310951882654604352223330503246672243437700592435200000000 34 39
-290867973013402837018949000077 267725213513805794647914857506264842240000 26 23
-758243 24080814903865385546871153469926154067366486816092796640054376220590080000000 52 75
1 77946580244615257709271725955364800712510449851145718433116748633120833100820491796480000000 60 90
8104490724292579123983914934389 1664101234883472376375966588819131970845671624137959800832000000000000 40 50
1390994215437029607487522729 94482359371049475807423368685158400 24 18
43184933489263960671744199 6432622506198902220004314316800 22 14
4275441283558177658092058289192324263 106668011736397989017476317723062768996706462211453747200000000 34 38
52501 1906185542537051751852119046359801121774246517485775941134915354143992777277440000000 56 82
89 3110894805420468459022658283659195430735570316536786335932181857962996212516782080000000 58 86
11787960670408067 57159288407676656723341536059895452630677150957992753352685912064000000000 48 66
15668233246820804718043103 7921561779589158577290834261772982108285516134526025990898974720000000000 44 58
8288652816841601935897981175496197957 22762407752300672259560260544239585058820985416843264000000 32 34
20333508203714745 144115188075855872 16 2
191396548363901891 7996949690736202990902992682372430542041217192433866082615296000000000 46 62
2042839299954379225667 1859431802629922802892800 20 10
4731810079626491 3768201591438194590204837904090296330911978029555261696452953315999744000000000 50 70
6403999238868411324778942494943 442328613631505225940033242836437565440000 26 22
5111330127896258240345491 43868297999674145940162780556513501840142190183224935710720000000000 42 54
21565403367285423819917715398019371 7415265919330287788249388156196363527495180269596232908800000000 36 42
17741854913 3339206333336000129166133281163093364008152838498201134087540169255157760000000 52 74
7015117 463036611555925351244370481654615613142463860271750557260138903470048542720000000 54 78
382881586257777105154102919401901707 182199449405441709125679682585908409372243918848000000 30 30
24503680642261220462328928364237 3341210664652296317205977421678185231155200000 28 26
70914930412491850877 1660206966633859645440 18 6
2024147265909651476218784651389 14150520704791431771904477796081054173857751905935032320000000000 38 46
//
//Taken from Ken Takusagawa
//http://web.mit.edu/kenta/www/six/parallel/2-Final-Report.html
// First 30 remainder terms in R-S Formula
// Format
// <n1> <n2> <n3> <n4>
// term =n1/n2/pi^n3*phi^(n4)
//
// 10 lines of junk at top
//
