3.8268343236508977172845998403039886676134456248562704143380e-01
4.3724046807752044936029646737133198707304150104236303186638e-01
1.3237657548034352332403526739151055547432299555867367266494e-01
-1.3605026047674188654983188709099907660706870274218946483262e-02
-1.3567621970103580887915670583499206186029596961880546869178e-02
-1.6237253231444652828546252941336497256592017181725483053990e-03
2.9705353733379690783127283399515866906793333345056196678723e-04
7.9433008795214695880163902648795014487309915256032149507175e-05
4.6556124614504505037063402160347623124041456901530601331693e-07
-1.4327251630955105754082463120626158882462580292280686607316e-06
-1.0354847112312946075007415677384034988827246158882831794479e-07
1.2357927083861738056125762623125303165101177620981128672365e-08
1.7881083857954904985666781407069045664545588392546442148003e-09
-3.3914143899270359069406218978844556152483973162889728450068e-11
-1.6326633902565905101374052971048102813464054318221268274131e-11
-3.7851093185412203828546472001850450263903853553120043830927e-13
9.3274232592017248456623206398698636000213969811691563193771e-14
5.2218430159781368553138931478530237103767539482720647743318e-15
-3.3506730727442637895150903579473260530428380223980657841116e-16
-3.4124265228117264940809871045620587786082834562540969358690e-17
5.7512033414323991603395017951645923116153782947006480723143e-19
1.4895301363211505454756277757346890893707350097416354151607e-19
1.2565372717021416853304281766092821765366067174406740805355e-21
-4.7212952501434256689539881366730534070633030476774967570299e-22
-1.3269069363039619992735413092618358945750768426446523675127e-23
1.1053439995121418344537822542272050031824867802118270860055e-24
5.4996463775274655111401044999839817832521053826883992224062e-26
-1.8231376502318026280641089809454070641298815551452797793432e-27
-1.5689403737720880146868298231924331409713555334158663439410e-28
1.5839635088238011610659760537792952783903211642357057342259e-30
3.4346207254372040220415367076516947462098483922500503564814e-31
1.7021033500317017753181307552715369208534553197605077660908e-33
-5.9951193049578167336397263356527851421056450227370813180261e-34
-1.0487682754094452366842732172448004126151773619763662117091e-35
8.4221351783493210785481516073595092939424041516474768853801e-37
2.5847038597719557131600116154016790722085384671584507769183e-38
-9.3476393748899852136790397623698141874536969204817931313450e-40
-4.5694192252437012976525486105574230997447268183853826860650e-41
7.5455973947653905212085611627422817804352042098369215797696e-43
6.4618158855850491731067390943880842755139607404692492258439e-44
-2.7882328748752043547515800672948286550299480785988676971518e-46
-7.6089446760867581288445775377968127676792625464356266474788e-47
-3.7801457003248969977102603725283269675143958928605723400618e-49
7.5856270286752343917641684193051640641838858145156239726144e-50
1.0116028602396513005928917308428912795451630017578050325489e-51
-6.4202136725669443303609810123521180265457096611276107764309e-53
-1.4306447113985096980982940712799679545120199909627299929191e-54
4.5553704005186513115794736941115712001934020920964368119768e-56
1.5454238859912059836008536783535180212962362121051154808196e-57
-2.5934143391816241559964995254381840936667604389563216484389e-59
-1.3894936738644186604608822352987011482070593961214515139315e-60
