0.600 6.777158557482398926e-03
0.601 6.664441026633660670e-03
0.602 6.544289206691811245e-03
0.603 6.428324910317861907e-03
0.604 6.313823701158738366e-03
0.605 6.197587325896480870e-03
0.606 6.068101252596491690e-03
0.607 5.945402236083308090e-03
0.608 5.822116171319113853e-03
0.609 5.687429368562590959e-03
0.610 5.530160475674339438e-03
0.611 5.371541292991333094e-03
0.612 5.256737583434589745e-03
0.613 5.149109157884801391e-03
0.614 5.035511904728839916e-03
0.615 4.912696231614499531e-03
0.616 4.770745110888818807e-03
0.617 4.605008676746735752e-03
0.618 4.467896876840016240e-03
0.619 4.334715030823277360e-03
0.620 4.214870614815291461e-03
0.621 4.082640686671967778e-03
0.622 3.931715863590867777e-03
0.623 3.834700726516593328e-03
0.624 3.759201927790112308e-03
0.625 3.695844555272498333e-03
0.626 3.628204590636507909e-03
0.627 3.553107700035917915e-03
0.628 3.455816516582999043e-03
0.629 3.373556025049850859e-03
0.630 3.318070016012031331e-03
0.631 3.267170373646766102e-03
0.632 3.212938178442370507e-03
0.633 3.152295603744859065e-03
0.634 3.084767551508882377e-03
0.635 3.026942139399912968e-03
0.636 2.965813010133544481e-03
0.637 2.907265674701786651e-03
0.638 2.833592731329770409e-03
0.639 2.769492737450973685e-03
0.640 2.717099089475372153e-03
0.641 2.663632362860934855e-03
0.642 2.627334337921394258e-03
0.643 2.594160688694668870e-03
0.644 2.555904720771384753e-03
0.645 2.508509418717275175e-03
0.646 2.479166677482935732e-03
0.647 2.444026630415985224e-03
0.648 2.400618677689925207e-03
0.649 2.363084939266624218e-03
0.650 2.350843985055917074e-03
0.651 2.338567771544952656e-03
0.652 2.326247333665154571e-03
0.653 2.313872250711113132e-03
0.654 2.301430152698569209e-03
0.655 2.288906006956414885e-03
0.656 2.276281049237049992e-03
0.657 2.263531112392636047e-03
0.658 2.250623873599866265e-03
0.659 2.237514013978869620e-03
0.660 2.224133947163919878e-03
0.661 2.210373838224310994e-03
0.662 2.196030272978322095e-03
0.663 2.180628106373316832e-03
0.664 2.162090408953654119e-03
0.665 2.144901019418110621e-03
0.666 2.134741097743808602e-03
0.667 2.124586726490296229e-03
0.668 2.114436847852396717e-03
0.669 2.104290420039678366e-03
0.670 2.094146415681175100e-03
0.671 2.084003820300162069e-03
0.672 2.073861630884854534e-03
0.673 2.063718854515839141e-03
0.674 2.053574507063116172e-03
0.675 2.043427611941872613e-03
0.676 2.033277198901450866e-03
0.677 2.023122302878377354e-03
0.678 2.012961962866266497e-03
0.679 2.002795220830799749e-03
0.680 1.992621120648685462e-03
0.681 1.982438707064160255e-03
0.682 1.972247024674800286e-03
0.683 1.962045116922661592e-03
0.684 1.951832025101185586e-03
0.685 1.941606787367877729e-03
0.686 1.931368437768310464e-03
0.687 1.921116005245693259e-03
0.688 1.910848512664653498e-03
0.689 1.900564975822582880e-03
0.690 1.890264402450769765e-03
0.691 1.879945791203319061e-03
0.692 1.869608130638966692e-03
0.693 1.859250398175804619e-03
0.694 1.848871559029574563e-03
0.695 1.838470565124539213e-03
0.696 1.828046353979817518e-03
0.697 1.817597847560192825e-03
0.698 1.807123951095279679e-03
0.699 1.796623551854392709e-03
0.700 1.786095517884778161e-03
0.701 1.775538696698331087e-03
0.702 1.764951913905132841e-03
0.703 1.754333971791699476e-03
0.704 1.743683647837279693e-03
0.705 1.732999693166314970e-03
0.706 1.722280830914191263e-03
0.707 1.711525754533038679e-03
0.708 1.700733125993281192e-03
0.709 1.689901573899699194e-03
0.710 1.679029691505684596e-03
0.711 1.668116034612143750e-03
0.712 1.657159119351492294e-03
0.713 1.646157419838534253e-03
0.714 1.635109365676234994e-03
0.715 1.624013339317498250e-03
0.716 1.612867673248974398e-03
0.717 1.601670647001007808e-03
0.718 1.590420483949528396e-03
0.719 1.579115347917880996e-03
0.720 1.567753339522415246e-03
0.721 1.556332492281709001e-03
0.722 1.544850768427363796e-03
0.723 1.533306054417926667e-03
0.724 1.521696156106644438e-03
0.725 1.510018793547840410e-03
0.726 1.498271595386846400e-03
0.727 1.486452092808066006e-03
0.728 1.474557712981328095e-03
0.729 1.462585771972668702e-03
0.730 1.450533467036718704e-03
0.731 1.438397868255503198e-03
0.732 1.426175909413074372e-03
0.733 1.413864378063345306e-03
0.734 1.401459904656676692e-03
0.735 1.388958950647278812e-03
0.736 1.376357795436211617e-03
0.737 1.363652522020419866e-03
0.738 1.350839001185377697e-03
0.739 1.337912874035618316e-03
0.740 1.324869532674521899e-03
0.741 1.311704098758803561e-03
0.742 1.298411399644705533e-03
0.743 1.284985941781391361e-03
0.744 1.271421880950751593e-03
0.745 1.257712988879000626e-03
0.746 1.243852615666840578e-03
0.747 1.229833647361622262e-03
0.748 1.215648457898566015e-03
0.749 1.201288854425941466e-03
0.750 1.173266586211640927e-03
0.751 1.151664011761477369e-03
0.752 1.131580690915456877e-03
0.753 1.112097354770025248e-03
0.754 1.092883244969589107e-03
0.755 1.073768498948024508e-03
0.756 1.054647644119333094e-03
0.757 1.035446132865547320e-03
0.758 1.016105781036391598e-03
0.759 9.965773877773642653e-04
0.760 9.768165149443008843e-04
0.761 9.567807903656522228e-04
0.762 9.364279769067396231e-04
0.763 9.157144115451432143e-04
0.764 8.945935780181324404e-04
0.765 8.730146444400066486e-04
0.766 8.509208162422732258e-04
0.767 8.282473390291977822e-04
0.768 8.049189344786489286e-04
0.769 7.808463503797824501e-04
0.770 7.559215169923305666e-04
0.771 7.300104460439271747e-04
0.772 7.029423025139980297e-04
0.773 6.744915664097517194e-04
0.774 6.443466067018732701e-04
0.775 6.120481346942874268e-04
0.776 5.768476454514059881e-04
0.777 5.372742858312795633e-04
0.778 4.880339682103995713e-04
0.779 4.344609808137889218e-04
0.780 3.835575288987369547e-04
0.781 3.409255087121199068e-04
0.782 3.028018642468044419e-04
0.783 2.651744812571799059e-04
0.784 2.243245514839120602e-04
0.785 2.058239765411196132e-04
0.786 2.017185580593938710e-04
0.787 1.972246706418712137e-04
0.788 1.921313717073713789e-04
0.789 1.859265588185499141e-04
0.790 1.759590422354406769e-04
0.791 1.697206831424713513e-04
0.792 1.687261903938752639e-04
0.793 1.677346435904336630e-04
0.794 1.667457537892769182e-04
0.795 1.657592411981045899e-04
0.796 1.647748340903865127e-04
0.797 1.637922677987235787e-04
0.798 1.628112837709361216e-04
0.799 1.618316286872145682e-04
0.800 1.608530536169050507e-04
0.801 1.598753132194818960e-04
0.802 1.588981649729426238e-04
0.803 1.579213684264058060e-04
0.804 1.569446844704724953e-04
0.805 1.559678746173576158e-04
0.806 1.549907002862394023e-04
0.807 1.540129220847230584e-04
0.808 1.530342990864186348e-04
0.809 1.520545880894230706e-04
0.810 1.510735428579268458e-04
0.811 1.500909133330674550e-04
0.812 1.491064448108092577e-04
0.813 1.481198770736380510e-04
0.814 1.471309434741829847e-04
0.815 1.461393699510038502e-04
0.816 1.451448739767657869e-04
0.817 1.441471634145985448e-04
0.818 1.431459352800867890e-04
0.819 1.421408743810248509e-04
0.820 1.411316518232785810e-04
0.821 1.401179233608829122e-04
0.822 1.390993275537377727e-04
0.823 1.380754837186914941e-04
0.824 1.370459896216091877e-04
0.825 1.360104188760091759e-04
0.826 1.349683179910909914e-04
0.827 1.339192030098690367e-04
0.828 1.328625556538121089e-04
0.829 1.317978188845048138e-04
0.830 1.307243917633149621e-04
0.831 1.296416234671804446e-04
0.832 1.285488062700013145e-04
0.833 1.274451672762522136e-04
0.834 1.263298586018368752e-04
0.835 1.252019456345898618e-04
0.836 1.240603928921446553e-04
0.837 1.229040468375686146e-04
0.838 1.217316148081071248e-04
0.839 1.205416389288282986e-04
0.840 1.193324634523040828e-04
0.841 1.181021933883696917e-04
0.842 1.168486413896108189e-04
0.843 1.155692585428358399e-04
0.844 1.142610426630996656e-04
0.845 1.129204144530993048e-04
0.846 1.115430465806754867e-04
0.847 1.101236217545542573e-04
0.848 1.086554800441286162e-04
0.849 1.071300863473290121e-04
0.850 1.055361913564478726e-04
0.851 1.038584382072604839e-04
0.852 1.020748884266176049e-04
0.853 1.001522231541818186e-04
0.854 9.803521766271749982e-05
0.855 9.561894695853112580e-05
0.856 9.264708323564185832e-05
0.857 8.775233465130316546e-05
0.858 8.489799071509374073e-05
0.859 8.450161121698052114e-05
0.860 8.410563192395859033e-05
0.861 8.371002450968667574e-05
0.862 8.331476090694955872e-05
0.863 8.291981328922837235e-05
0.864 8.252515405282601080e-05
0.865 8.213075579888151623e-05
0.866 8.173659131738286732e-05
0.867 8.134263356862625471e-05
0.868 8.094885566689580259e-05
0.869 8.055523086603066929e-05
0.870 8.016173254021818906e-05
0.871 7.976833417067119569e-05
0.872 7.937500932775343188e-05
0.873 7.898173165687971675e-05
0.874 7.858847486230668977e-05
0.875 7.819521269181173295e-05
0.876 7.780191892103882623e-05
0.877 7.740856733851053662e-05
0.878 7.701513172997387358e-05
0.879 7.662158586396738968e-05
0.880 7.622790347505681297e-05
0.881 7.583405824962419217e-05
0.882 7.544002380954761833e-05
0.883 7.504577369743525850e-05
0.884 7.465128136030507733e-05
0.885 7.425652013315353628e-05
0.886 7.386146322496678351e-05
0.887 7.346608369951379558e-05
0.888 7.307035446146858959e-05
0.889 7.267424823786949872e-05
0.890 7.227773756224298296e-05
0.891 7.188079475584085998e-05
0.892 7.148339191165309359e-05
0.893 7.108550087431275699e-05
0.894 7.068709322266553130e-05
0.895 7.028814025145102562e-05
0.896 6.988861294909831656e-05
0.897 6.948848198085055827e-05
0.898 6.908771766578336582e-05
0.899 6.868628995682080074e-05
0.900 6.828416841764273215e-05
0.901 6.788132220125753236e-05
0.902 6.747772002602125951e-05
0.903 6.707333015076866189e-05
0.904 6.666812035083236054e-05
0.905 6.626205789150851899e-05
0.906 6.585510950019024534e-05
0.907 6.544724133994428428e-05
0.908 6.503841897864681698e-05
0.909 6.462860735934050638e-05
0.910 6.421777076837109632e-05
0.911 6.380587280208072087e-05
0.912 6.339287633261303512e-05
0.913 6.297874347116483307e-05
0.914 6.256343552990539791e-05
0.915 6.214691298356278537e-05
0.916 6.172913542612512572e-05
0.917 6.131006152876317117e-05
0.918 6.088964899286786192e-05
0.919 6.046785450242175841e-05
0.920 6.004463367248469297e-05
0.921 5.961994099734635455e-05
0.922 5.919372979235060228e-05
0.923 5.876595213583080124e-05
0.924 5.833655880516097625e-05
0.925 5.790549921191878724e-05
0.926 5.747272133038716646e-05
0.927 5.703817162350244274e-05
0.928 5.660179496458361825e-05
0.929 5.616353455306644094e-05
0.930 5.572333182546351793e-05
0.931 5.528112636254967072e-05
0.932 5.483685578655528303e-05
0.933 5.439045565602818044e-05
0.934 5.394185935059248038e-05
0.935 5.349099794960121557e-05
0.936 5.303780010190717320e-05
0.937 5.258219188586377157e-05
0.938 5.212409666133233088e-05
0.939 5.166343490814462314e-05
0.940 5.120012405612772710e-05
0.941 5.073407829880860476e-05
0.942 5.026520839623849213e-05
0.943 4.979342145916554330e-05
0.944 4.931862071999582042e-05
0.945 4.884070528166084557e-05
0.946 4.835956984838851724e-05
0.947 4.787510443249320957e-05
0.948 4.738719403751812109e-05
0.949 4.689571831295591409e-05
0.950 4.640055117832719844e-05
0.951 4.590156041295312406e-05
0.952 4.539860720986776954e-05
0.953 4.489154568543263224e-05
0.954 4.438022234187766202e-05
0.955 4.386447547888305820e-05
0.956 4.334413454354368866e-05
0.957 4.281901941516341736e-05
0.958 4.228893961355506548e-05
0.959 4.175369342296342268e-05
0.960 4.121306691728943150e-05
0.961 4.066683287751171605e-05
0.962 4.011474957998917290e-05
0.963 3.955655944254399259e-05
0.964 3.899198750390020507e-05
0.965 3.842073970994341892e-05
0.966 3.784250097937924551e-05
0.967 3.725693301048771389e-05
0.968 3.666367178423168838e-05
0.969 3.606232471597969891e-05
0.970 3.545246738567708888e-05
0.971 3.483363977607734085e-05
0.972 3.420534191700408400e-05
0.973 3.356702882484352557e-05
0.974 3.291810458716515342e-05
0.975 3.225791541061617806e-05
0.976 3.158574140360581595e-05
0.977 3.090078679623964319e-05
0.978 3.020216822069432538e-05
0.979 2.948890056220232481e-05
0.980 2.875987973172122736e-05
0.981 2.801386150230733563e-05
0.982 2.724943525100886887e-05
0.983 2.646499102432198214e-05
0.984 2.565867772497121280e-05
0.985 2.482834930961352882e-05
0.986 2.397149451138780307e-05
0.987 2.308514346649470639e-05
0.988 2.216574123392600626e-05
0.989 2.120897262725129906e-05
0.990 2.020951329195774804e-05
0.991 1.916066511387093385e-05
0.992 1.805380260611055832e-05
0.993 1.687749467416121973e-05
0.994 1.561603359712115946e-05
0.995 1.424679390360505948e-05
0.996 1.273503196552727701e-05
0.997 1.102222933790919512e-05
0.998 8.994218779423412968e-06
0.999 6.356073915969595589e-06
