0.600 2.986686388569248507e-03
0.601 2.939587594970038964e-03
0.602 2.883643852768402738e-03
0.603 2.832354315957630320e-03
0.604 2.788085653887995008e-03
0.605 2.747163910033045831e-03
0.606 2.700695675558639763e-03
0.607 2.654575260492952893e-03
0.608 2.616743069553839618e-03
0.609 2.577469082790329047e-03
0.610 2.543571833669933113e-03
0.611 2.510934780646234543e-03
0.612 2.476472888823688656e-03
0.613 2.439344092990958224e-03
0.614 2.411685306978550436e-03
0.615 2.385274564924766416e-03
0.616 2.359169863555887758e-03
0.617 2.330393785865747525e-03
0.618 2.301604346036545401e-03
0.619 2.275718434672779900e-03
0.620 2.249616139701093864e-03
0.621 2.223195453160964341e-03
0.622 2.196371596738688758e-03
0.623 2.169058838644044584e-03
0.624 2.141159914134327380e-03
0.625 2.111377969775674046e-03
0.626 2.079688496375298179e-03
0.627 2.045881061071619378e-03
0.628 2.011417619302680038e-03
0.629 1.975434426784827835e-03
0.630 1.935535108315233899e-03
0.631 1.887490698951110879e-03
0.632 1.838062819147112670e-03
0.633 1.798893213688312898e-03
0.634 1.768754159073515630e-03
0.635 1.736773990129059086e-03
0.636 1.703433533567833003e-03
0.637 1.668196806105304297e-03
0.638 1.634237578163166837e-03
0.639 1.600480192260667067e-03
0.640 1.568207926824549681e-03
0.641 1.540809627599726284e-03
0.642 1.514588292970575623e-03
0.643 1.486689106857119747e-03
0.644 1.459673329104016481e-03
0.645 1.432459866749002941e-03
0.646 1.405377897173654134e-03
0.647 1.377582262228393972e-03
0.648 1.348939061156850805e-03
0.649 1.321290573315758721e-03
0.650 1.293026923686935170e-03
0.651 1.263174756170992730e-03
0.652 1.233518221036344897e-03
0.653 1.208425009132763073e-03
0.654 1.182566908119464522e-03
0.655 1.155780450907140100e-03
0.656 1.129964455822585201e-03
0.657 1.102186176993757982e-03
0.658 1.071351041503243451e-03
0.659 1.040731237177072721e-03
0.660 1.012010874172464270e-03
0.661 9.846114044244069774e-04
0.662 9.547598255182920823e-04
0.663 9.221357053356138422e-04
0.664 8.903935686329633725e-04
0.665 8.601003337479484756e-04
0.666 8.265700314985524599e-04
0.667 7.997782877133818857e-04
0.668 7.770562353145438195e-04
0.669 7.542354261593775533e-04
0.670 7.334938512737476657e-04
0.671 7.170046237493510333e-04
0.672 7.003786607889805893e-04
0.673 6.801391723785243926e-04
0.674 6.600081831248383324e-04
0.675 6.410982200442116863e-04
0.676 6.223241108817001432e-04
0.677 6.082637543275426495e-04
0.678 5.916798074180329436e-04
0.679 5.763002936997052572e-04
0.680 5.647458997087850818e-04
0.681 5.524051643287508639e-04
0.682 5.358269479267541158e-04
0.683 5.190105631585062440e-04
0.684 5.024438533123287698e-04
0.685 4.956371319859709246e-04
0.686 4.894025936379442498e-04
0.687 4.829722693939775269e-04
0.688 4.759458587695331033e-04
0.689 4.693767245149693679e-04
0.690 4.633778389956377808e-04
0.691 4.572315966899775930e-04
0.692 4.509029017719656807e-04
0.693 4.443463243378742433e-04
0.694 4.374989974471610310e-04
0.695 4.302660101844768548e-04
0.696 4.224820745816204592e-04
0.697 4.137307179089555476e-04
0.698 4.038203756805414102e-04
0.699 3.927404085056762639e-04
0.700 3.818625511800011196e-04
0.701 3.735954265771113114e-04
0.702 3.647569231354230723e-04
0.703 3.572035585899246968e-04
0.704 3.550702371827307857e-04
0.705 3.529387416609797157e-04
0.706 3.508081273725371929e-04
0.707 3.486774202302589387e-04
0.708 3.465455987264887128e-04
0.709 3.444115725662610927e-04
0.710 3.422741561165398849e-04
0.711 3.401320342658609164e-04
0.712 3.379837168669963532e-04
0.713 3.358274758862300757e-04
0.714 3.336612556056328671e-04
0.715 3.314825392752851485e-04
0.716 3.292881423493376758e-04
0.717 3.270738747632728760e-04
0.718 3.248339527596177945e-04
0.719 3.225598857624634164e-04
0.720 3.202381169258305960e-04
0.721 3.178441145429422576e-04
0.722 3.153228137592334335e-04
0.723 3.124646751251347609e-04
0.724 3.094986022253998215e-04
0.725 3.076364186180846616e-04
0.726 3.057738852909608340e-04
0.727 3.039107487902148463e-04
0.728 3.020467576195784432e-04
0.729 3.001816617802521847e-04
0.730 2.983152123432475378e-04
0.731 2.964471610280572378e-04
0.732 2.945772598011986432e-04
0.733 2.927052604739799335e-04
0.734 2.908309143279108611e-04
0.735 2.889539717296774057e-04
0.736 2.870741817554423037e-04
0.737 2.851912918169219324e-04
0.738 2.833050472912379547e-04
0.739 2.814151911411100215e-04
0.740 2.795214635389342561e-04
0.741 2.776236014794264406e-04
0.742 2.757213383867140877e-04
0.743 2.738144037198741998e-04
0.744 2.719025225487170516e-04
0.745 2.699854151421154924e-04
0.746 2.680627965134796398e-04
0.747 2.661343759753354021e-04
0.748 2.641998566549341732e-04
0.749 2.622589349980941620e-04
0.750 2.603113002469514825e-04
0.751 2.583566338890674885e-04
0.752 2.563946090806679123e-04
0.753 2.544248900283596626e-04
0.754 2.524471313486431612e-04
0.755 2.504609773683608154e-04
0.756 2.484660614019418290e-04
0.757 2.464620049594801188e-04
0.758 2.444484169193961165e-04
0.759 2.424248926213845579e-04
0.760 2.403910129180619748e-04
0.761 2.383463431264720711e-04
0.762 2.362904319263003927e-04
0.763 2.342228101486210079e-04
0.764 2.321429894757143231e-04
0.765 2.300504610323050869e-04
0.766 2.279446938514562149e-04
0.767 2.258251332031280256e-04
0.768 2.236911987850698225e-04
0.769 2.215422827224200475e-04
0.770 2.193777474002178707e-04
0.771 2.171969230723158617e-04
0.772 2.149991052300403993e-04
0.773 2.127835517137244281e-04
0.774 2.105494795004991815e-04
0.775 2.082960611693440711e-04
0.776 2.060224209523564554e-04
0.777 2.037276303548107848e-04
0.778 2.014107032528578145e-04
0.779 1.990705904082457067e-04
0.780 1.967061733073593999e-04
0.781 1.943162572040080249e-04
0.782 1.918995632743669688e-04
0.783 1.894547196926721355e-04
0.784 1.869802514742335831e-04
0.785 1.844745688602822398e-04
0.786 1.819359539660947434e-04
0.787 1.793625453886393828e-04
0.788 1.767523203485277250e-04
0.789 1.741030738895421592e-04
0.790 1.714123944946965850e-04
0.791 1.686776353603258727e-04
0.792 1.639434858385913074e-04
0.793 1.601866972433807490e-04
0.794 1.565962970567769119e-04
0.795 1.530547421579875333e-04
0.796 1.495161232609731883e-04
0.797 1.459546302989833677e-04
0.798 1.423522863436277319e-04
0.799 1.386945153847296552e-04
0.800 1.349680842035461126e-04
0.801 1.311599216005099322e-04
0.802 1.272562777669961065e-04
0.803 1.232419794666705926e-04
0.804 1.190996313991110611e-04
0.805 1.148086292696026689e-04
0.806 1.103438136004220027e-04
0.807 1.056734926369040650e-04
0.808 1.007563416653978194e-04
0.809 9.553618579727363169e-05
0.810 8.993242064103679212e-05
0.811 8.382014135566162594e-05
0.812 7.698003557021770860e-05
0.813 6.890944418425082318e-05
0.814 5.806743483316445520e-05
0.815 4.744001619461091224e-05
0.816 3.671526756476861664e-05
0.817 2.767561937000451167e-05
0.818 2.721729612797929576e-05
0.819 2.674191028728678532e-05
0.820 2.624531040229527434e-05
0.821 2.572163036629326882e-05
0.822 2.516204668734367544e-05
0.823 2.455207544593829283e-05
0.824 2.386452480407363907e-05
0.825 2.303433221451101076e-05
0.826 2.174755190231802970e-05
0.827 2.082285424009899799e-05
0.828 2.067611850697925746e-05
0.829 2.052988876377614957e-05
0.830 2.038410647597910241e-05
0.831 2.023871514478248201e-05
0.832 2.009366000865764335e-05
0.833 1.994888777734349361e-05
0.834 1.980434637560701816e-05
0.835 1.965998470876417770e-05
0.836 1.951575243308578678e-05
0.837 1.937159974374491611e-05
0.838 1.922747715821238046e-05
0.839 1.908333531086547907e-05
0.840 1.893912474548731240e-05
0.841 1.879479570709996494e-05
0.842 1.865029792702532774e-05
0.843 1.850558040561445239e-05
0.844 1.836059118098809506e-05
0.845 1.821527708756320862e-05
0.846 1.806958349725995561e-05
0.847 1.792345404194595204e-05
0.848 1.777683031012333714e-05
0.849 1.762965151463902203e-05
0.850 1.748185412553393547e-05
0.851 1.733337146059277245e-05
0.852 1.718413322326917125e-05
0.853 1.703406498287929338e-05
0.854 1.688308757763490320e-05
0.855 1.673111643407665383e-05
0.856 1.657806077470791450e-05
0.857 1.642382270095055219e-05
0.858 1.626829611078850490e-05
0.859 1.611136542678526240e-05
0.860 1.595290407696570156e-05
0.861 1.579277267105272387e-05
0.862 1.563081679445410543e-05
0.863 1.546686430964339110e-05
0.864 1.530072202771126655e-05
0.865 1.513217154924806351e-05
0.866 1.496096402064939213e-05
0.867 1.478681341493537360e-05
0.868 1.460938781583376311e-05
0.869 1.442829790643251897e-05
0.870 1.424308149700070913e-05
0.871 1.405318227221119542e-05
0.872 1.385791987995599328e-05
0.873 1.365644661699416673e-05
0.874 1.344768253752626208e-05
0.875 1.323021419818992683e-05
0.876 1.300212851540472059e-05
0.877 1.276072229638991473e-05
0.878 1.250195043378532489e-05
0.879 1.221925096805964728e-05
0.880 1.190058371702829021e-05
0.881 1.151851395753134000e-05
0.882 1.096500697284064074e-05
0.883 1.039062113739053217e-05
0.884 1.033160629348994775e-05
0.885 1.027266158082351666e-05
0.886 1.021378096355274323e-05
0.887 1.015495846690139814e-05
0.888 1.009618817071622487e-05
0.889 1.003746420402684691e-05
0.890 9.978780740604875632e-06
0.891 9.920131992524616749e-06
0.892 9.861512206721378959e-06
0.893 9.802915658663202692e-06
0.894 9.744336648132012613e-06
0.895 9.685769494227614018e-06
0.896 9.627208530149644616e-06
0.897 9.568648098978727035e-06
0.898 9.510082548791487511e-06
0.899 9.451506227664552284e-06
0.900 9.392913479122633191e-06
0.901 9.334298637253546360e-06
0.902 9.275656021823230901e-06
0.903 9.216979933834856809e-06
0.904 9.158264650421799047e-06
0.905 9.099504419185500126e-06
0.906 9.040693454975823329e-06
0.907 8.981825932563580750e-06
0.908 8.922895982865775011e-06
0.909 8.863897688171640254e-06
0.910 8.804825074704147880e-06
0.911 8.745672109400359773e-06
0.912 8.686432691695777919e-06
0.913 8.627100650193675335e-06
0.914 8.567669734893534894e-06
0.915 8.508133611750956504e-06
0.916 8.448485855239162845e-06
0.917 8.388719943352995756e-06
0.918 8.328829247949975922e-06
0.919 8.268807030975544592e-06
0.920 8.208646433582877933e-06
0.921 8.148340470248705003e-06
0.922 8.087882019891523555e-06
0.923 8.027263816989815837e-06
0.924 7.966478442922309000e-06
0.925 7.905518316198012485e-06
0.926 7.844375682686255402e-06
0.927 7.783042604847523194e-06
0.928 7.721510950409182783e-06
0.929 7.659772380708140815e-06
0.930 7.597818339144524202e-06
0.931 7.535640036193669289e-06
0.932 7.473228437304690885e-06
0.933 7.410574247024293015e-06
0.934 7.347667893120579663e-06
0.935 7.284499511039932429e-06
0.936 7.221058924034018389e-06
0.937 7.157335625840310911e-06
0.938 7.093318759809896790e-06
0.939 7.028997096258926547e-06
0.940 6.964359010153131635e-06
0.941 6.899392455017583359e-06
0.942 6.834084936957474099e-06
0.943 6.768423485015162555e-06
0.944 6.702394619639839846e-06
0.945 6.635984319602883375e-06
0.946 6.569177984583340901e-06
0.947 6.501960396532169284e-06
0.948 6.434315676151491914e-06
0.949 6.366227236598298589e-06
0.950 6.297677732525208683e-06
0.951 6.228649005790565241e-06
0.952 6.159122023396967904e-06
0.953 6.089076813653448994e-06
0.954 6.018492392234620070e-06
0.955 5.947346683354837182e-06
0.956 5.875616432837738046e-06
0.957 5.803277111859905801e-06
0.958 5.730302809370257933e-06
0.959 5.656666115738673284e-06
0.960 5.582337990861496735e-06
0.961 5.507287619055389882e-06
0.962 5.431482245965568723e-06
0.963 5.354886996378205311e-06
0.964 5.277464670716547346e-06
0.965 5.199175513892484446e-06
0.966 5.119976956069471896e-06
0.967 5.039823317676273007e-06
0.968 4.958665474119605676e-06
0.969 4.876450472646176593e-06
0.970 4.793121093693564205e-06
0.971 4.708615345516697914e-06
0.972 4.622865878323167976e-06
0.973 4.535799304927756737e-06
0.974 4.447335406498886812e-06
0.975 4.357386197417767448e-06
0.976 4.265854822049774953e-06
0.977 4.172634240129369232e-06
0.978 4.077605652574867179e-06
0.979 3.980636600231513000e-06
0.980 3.881578648501360362e-06
0.981 3.780264543395972510e-06
0.982 3.676504683136627705e-06
0.983 3.570082691140008535e-06
0.984 3.460749797179474285e-06
0.985 3.348217604837167016e-06
0.986 3.232148646170607265e-06
0.987 3.112143828309932303e-06
0.988 2.987725432945786963e-06
0.989 2.858313564280123842e-06
0.990 2.723192684017661236e-06
0.991 2.581462590134364632e-06
0.992 2.431963975757511776e-06
0.993 2.273160333632340269e-06
0.994 2.102940136028408347e-06
0.995 1.918261638644835898e-06
0.996 1.714453452761333097e-06
0.997 1.483646685285222588e-06
0.998 1.210487496350332037e-06
0.999 8.553070117711669695e-07
