0.600 1.040535023946853599e-03
0.601 1.019933848841581003e-03
0.602 9.999366208571780490e-04
0.603 9.803706320121730045e-04
0.604 9.617866322129131618e-04
0.605 9.425053734438693098e-04
0.606 9.246632711208402355e-04
0.607 9.088680524498293778e-04
0.608 8.924753951191632950e-04
0.609 8.761986257950216128e-04
0.610 8.596493050818665438e-04
0.611 8.439474151563652882e-04
0.612 8.306688653970661917e-04
0.613 8.179173076621193417e-04
0.614 8.052208346005507167e-04
0.615 7.935420540210458284e-04
0.616 7.834957884083060264e-04
0.617 7.742985020419146380e-04
0.618 7.640273326833257883e-04
0.619 7.549943155946703399e-04
0.620 7.465428743438362602e-04
0.621 7.388046008104387496e-04
0.622 7.313683898118039650e-04
0.623 7.247790725515290688e-04
0.624 7.187534641532877799e-04
0.625 7.126546635028985222e-04
0.626 7.064605819427915989e-04
0.627 7.001329160262192985e-04
0.628 6.935827932458282774e-04
0.629 6.865327869123305504e-04
0.630 6.789870347722049004e-04
0.631 6.721891039120908573e-04
0.632 6.666140608097004261e-04
0.633 6.610191761867723059e-04
0.634 6.553986331784278363e-04
0.635 6.497479561685670646e-04
0.636 6.440630910140576759e-04
0.637 6.383399667474476402e-04
0.638 6.325741518735661373e-04
0.639 6.267603845141467289e-04
0.640 6.208915524563707322e-04
0.641 6.149552909013866753e-04
0.642 6.089070755571635019e-04
0.643 6.028429064942608662e-04
0.644 5.968304826724502021e-04
0.645 5.907520220366224706e-04
0.646 5.845760219955753456e-04
0.647 5.762849824452187519e-04
0.648 5.684873597948669754e-04
0.649 5.609478533035172632e-04
0.650 5.533671936529538371e-04
0.651 5.457451540238356102e-04
0.652 5.380140506300312708e-04
0.653 5.300248354623837699e-04
0.654 5.220490353993190169e-04
0.655 5.139496487804873226e-04
0.656 5.056595226126114895e-04
0.657 4.971102512726366385e-04
0.658 4.882094868989828029e-04
0.659 4.788063553496924030e-04
0.660 4.684683086568774968e-04
0.661 4.554728130393703722e-04
0.662 4.433444786685614147e-04
0.663 4.330693507426097710e-04
0.664 4.247306499133296498e-04
0.665 4.152274519123588803e-04
0.666 4.062714475898676625e-04
0.667 3.981747420745973542e-04
0.668 3.910445073104229508e-04
0.669 3.845607599820555222e-04
0.670 3.774790344518441643e-04
0.671 3.699648481153561264e-04
0.672 3.643714114458518338e-04
0.673 3.589542171107407142e-04
0.674 3.531354530817987225e-04
0.675 3.471384591307025147e-04
0.676 3.413630428547032025e-04
0.677 3.354607235825923794e-04
0.678 3.290327441659579577e-04
0.679 3.225919987988046245e-04
0.680 3.155682970212847493e-04
0.681 3.079893516926279773e-04
0.682 2.989854575798922554e-04
0.683 2.894502112454899745e-04
0.684 2.800209319662183560e-04
0.685 2.698698477963112907e-04
0.686 2.589916777312462060e-04
0.687 2.516516161977788713e-04
0.688 2.454138219868395865e-04
0.689 2.392885693212054576e-04
0.690 2.332210278183088903e-04
0.691 2.271004564130540970e-04
0.692 2.211754278392819018e-04
0.693 2.156506687015502521e-04
0.694 2.101544447807857097e-04
0.695 2.047165373436632407e-04
0.696 1.989548212116831749e-04
0.697 1.928627266035709553e-04
0.698 1.866646154166096139e-04
0.699 1.794721142671651393e-04
0.700 1.730592171874656415e-04
0.701 1.662612315005418395e-04
0.702 1.591734126752397671e-04
0.703 1.524056761077474675e-04
0.704 1.454984639901457655e-04
0.705 1.380936736680160593e-04
0.706 1.309970334868459929e-04
0.707 1.251612125270362696e-04
0.708 1.195903899952055482e-04
0.709 1.154490737562685609e-04
0.710 1.113586563870061497e-04
0.711 1.078240723944023927e-04
0.712 1.042029789778409210e-04
0.713 1.015250415375978932e-04
0.714 9.960142707610142310e-05
0.715 9.835453455542264578e-05
0.716 9.708741528291486844e-05
0.717 9.579744875154450057e-05
0.718 9.448153200353193171e-05
0.719 9.313592296111838920e-05
0.720 9.175601153643686558e-05
0.721 9.033597190932773913e-05
0.722 8.882702129242581179e-05
0.723 8.705459919755575982e-05
0.724 8.533676662036970839e-05
0.725 8.354948302069509225e-05
0.726 8.164137231447821108e-05
0.727 7.952771947661307905e-05
0.728 7.681927392655385489e-05
0.729 7.327224922082375969e-05
0.730 7.148485766206302827e-05
0.731 7.042440113913528421e-05
0.732 6.934466978147924010e-05
0.733 6.823196917637996961e-05
0.734 6.706108600440519041e-05
0.735 6.578319700634160938e-05
0.736 6.464877046685746365e-05
0.737 6.345648340422282985e-05
0.738 6.218480919595315015e-05
0.739 6.079494203137247865e-05
0.740 5.917850749526110121e-05
0.741 5.723058372752998224e-05
0.742 5.529750851240855525e-05
0.743 5.285005229827000051e-05
0.744 5.199487533102953307e-05
0.745 5.163475018943319839e-05
0.746 5.127539870164454783e-05
0.747 5.091663959710945875e-05
0.748 5.055829483324725260e-05
0.749 5.020018622026167776e-05
0.750 4.984213193259812158e-05
0.751 4.948394263082356304e-05
0.752 4.912541689539029477e-05
0.753 4.876633550143782969e-05
0.754 4.840645389381226238e-05
0.755 4.804549181480766151e-05
0.756 4.768311837255456709e-05
0.757 4.731892950260441211e-05
0.758 4.695241220031842744e-05
0.759 4.658288421477418950e-05
0.760 4.620938445576427966e-05
0.761 4.583045308870214996e-05
0.762 4.544362423919423577e-05
0.763 4.504397019200467867e-05
0.764 4.461776002750994508e-05
0.765 4.408340226003115703e-05
0.766 4.376131017025386427e-05
0.767 4.343897550984632261e-05
0.768 4.311634052611701406e-05
0.769 4.279334757084640728e-05
0.770 4.246993897849549171e-05
0.771 4.214605693386719310e-05
0.772 4.182164335553295587e-05
0.773 4.149663977393025505e-05
0.774 4.117098720779477361e-05
0.775 4.084462605014049785e-05
0.776 4.051749593836362351e-05
0.777 4.018953564588478855e-05
0.778 3.986068294348221741e-05
0.779 3.953087447750025518e-05
0.780 3.920004563551238164e-05
0.781 3.886813040987480150e-05
0.782 3.853506125650607572e-05
0.783 3.820076893545909513e-05
0.784 3.786518236326141817e-05
0.785 3.752822843783309992e-05
0.786 3.718983186529190021e-05
0.787 3.684991496699652203e-05
0.788 3.650839748026157849e-05
0.789 3.616519634019876861e-05
0.790 3.582022544501572980e-05
0.791 3.547339540932448188e-05
0.792 3.512461328969429530e-05
0.793 3.477378228455840770e-05
0.794 3.442080142213033156e-05
0.795 3.406556520546555333e-05
0.796 3.370796323132196903e-05
0.797 3.334787976971842482e-05
0.798 3.298519330785509851e-05
0.799 3.261977603385979307e-05
0.800 3.225149328311971431e-05
0.801 3.188020291233772952e-05
0.802 3.150575460986182463e-05
0.803 3.112798912319192368e-05
0.804 3.074673740044442383e-05
0.805 3.036181962090545028e-05
0.806 2.997304411067602814e-05
0.807 2.958020610976941356e-05
0.808 2.918308638910627195e-05
0.809 2.878144965878792760e-05
0.810 2.837504277086733140e-05
0.811 2.796359263490533209e-05
0.812 2.754680384453589426e-05
0.813 2.712435590568329502e-05
0.814 2.669590002435384690e-05
0.815 2.626105535386002998e-05
0.816 2.581940457169196179e-05
0.817 2.537048864914570601e-05
0.818 2.491380062363823811e-05
0.819 2.444877812091128533e-05
0.820 2.397479430615856444e-05
0.821 2.349114686939213215e-05
0.822 2.273968931154612960e-05
0.823 2.210553841897056060e-05
0.824 2.149031344267360311e-05
0.825 2.087630838920606635e-05
0.826 2.025627366608606650e-05
0.827 1.962568347102511268e-05
0.828 1.898091601792994965e-05
0.829 1.831855725886732955e-05
0.830 1.763501712026549484e-05
0.831 1.692622625126816160e-05
0.832 1.618730874775042849e-05
0.833 1.541214534617196819e-05
0.834 1.459270682224733662e-05
0.835 1.371792951576633612e-05
0.836 1.277161792589964762e-05
0.837 1.172799550663849999e-05
0.838 1.054016719070904884e-05
0.839 9.094039016388499874e-06
0.840 7.113877060982431999e-06
0.841 4.930788642609762462e-06
0.842 3.533245027109721548e-06
0.843 3.471298672730327439e-06
0.844 3.407428890933594801e-06
0.845 3.341167950532408781e-06
0.846 3.271878307953279830e-06
0.847 3.198641766899434913e-06
0.848 3.120036240700230223e-06
0.849 3.033617625991524847e-06
0.850 2.934417720812376729e-06
0.851 2.808248451557915359e-06
0.852 2.581645285659739386e-06
0.853 2.560401087703390033e-06
0.854 2.539245671617784694e-06
0.855 2.518167648402069858e-06
0.856 2.497156086134211250e-06
0.857 2.476200434142761253e-06
0.858 2.455290454395075983e-06
0.859 2.434416158325625190e-06
0.860 2.413567746328837416e-06
0.861 2.392735549916480409e-06
0.862 2.371909978871045155e-06
0.863 2.351081465290505434e-06
0.864 2.330240411074768758e-06
0.865 2.309377132747592043e-06
0.866 2.288481805279296566e-06
0.867 2.267544404355170684e-06
0.868 2.246554642537645918e-06
0.869 2.225501903541093895e-06
0.870 2.204375169512218235e-06
0.871 2.183162937430260797e-06
0.872 2.161853132953694967e-06
0.873 2.140433004393926808e-06
0.874 2.118889008584368128e-06
0.875 2.097206676099361289e-06
0.876 2.075370452492286688e-06
0.877 2.053363516218986717e-06
0.878 2.031167559146673796e-06
0.879 2.008762523209028927e-06
0.880 1.986126284547751197e-06
0.881 1.963234263713253824e-06
0.882 1.940058946492406733e-06
0.883 1.916569282722768719e-06
0.884 1.892729925900837884e-06
0.885 1.868500253854321613e-06
0.886 1.843833095316327331e-06
0.887 1.818673033282536267e-06
0.888 1.792954114288036749e-06
0.889 1.766596671837206145e-06
0.890 1.739502816233695626e-06
0.891 1.711549829974678971e-06
0.892 1.682580136219691269e-06
0.893 1.652385387962418406e-06
0.894 1.620679816349834823e-06
0.895 1.587052372853392512e-06
0.896 1.550872491429267086e-06
0.897 1.511078828508871652e-06
0.898 1.465601527805837634e-06
0.899 1.409094201099136967e-06
0.900 1.285207138157495876e-06
0.901 1.276629078783564353e-06
0.902 1.268063475001746099e-06
0.903 1.259509040396622481e-06
0.904 1.250964591692493855e-06
0.905 1.242428957382024635e-06
0.906 1.233900977615220995e-06
0.907 1.225379500424672585e-06
0.908 1.216863383612931671e-06
0.909 1.208351490200598732e-06
0.910 1.199842689092456283e-06
0.911 1.191335853412134327e-06
0.912 1.182829858725753525e-06
0.913 1.174323581820679863e-06
0.914 1.165815900150413142e-06
0.915 1.157305689281074024e-06
0.916 1.148791822891404024e-06
0.917 1.140273170885386378e-06
0.918 1.131748597837933801e-06
0.919 1.123216961995687768e-06
0.920 1.114677113611683978e-06
0.921 1.106127894390240840e-06
0.922 1.097568134822424213e-06
0.923 1.088996653519913593e-06
0.924 1.080412255882734485e-06
0.925 1.071813731878812348e-06
0.926 1.063199855155794182e-06
0.927 1.054569380931624778e-06
0.928 1.045921044329212179e-06
0.929 1.037253558489048544e-06
0.930 1.028565613792054023e-06
0.931 1.019855873418684666e-06
0.932 1.011122974459155444e-06
0.933 1.002365523250503543e-06
0.934 9.935820942663653454e-07
0.935 9.847712278965303767e-07
0.936 9.759314265611607198e-07
0.937 9.670611536005679909e-07
0.938 9.581588298335219633e-07
0.939 9.492228298935145858e-07
0.940 9.402514801193362359e-07
0.941 9.312430541141836216e-07
0.942 9.221957697480576144e-07
0.943 9.131077842727819416e-07
0.944 9.039771907692895070e-07
0.945 8.948020140397972000e-07
0.946 8.855802040574900502e-07
0.947 8.763096321917629439e-07
0.948 8.669880841027932661e-07
0.949 8.576132545234926852e-07
0.950 8.481827402651020975e-07
0.951 8.386940317794966404e-07
0.952 8.291445060537583345e-07
0.953 8.195314177283918866e-07
0.954 8.098518889942951660e-07
0.955 8.001028992676850748e-07
0.956 7.902812727555996730e-07
0.957 7.803836669095787215e-07
0.958 7.704065569935636404e-07
0.959 7.603462208738420713e-07
0.960 7.501987215885463911e-07
0.961 7.399598872526169657e-07
0.962 7.296252902966315901e-07
0.963 7.191902228198543412e-07
0.964 7.086496686126153577e-07
0.965 6.979982736243783847e-07
0.966 6.872303103255816836e-07
0.967 6.763396388498321699e-07
0.968 6.653196625849844281e-07
0.969 6.541632762147031599e-07
0.970 6.428628082089105078e-07
0.971 6.314099526560923437e-07
0.972 6.197956922138203595e-07
0.973 6.080102059602410236e-07
0.974 5.960427651441335684e-07
0.975 5.838816072856189976e-07
0.976 5.715137904038769534e-07
0.977 5.589250168247517081e-07
0.978 5.460994236816674174e-07
0.979 5.330193288966000864e-07
0.980 5.196649237593220505e-07
0.981 5.060138928980606465e-07
0.982 4.920409447661810987e-07
0.983 4.777172203374036030e-07
0.984 4.630095447044624279e-07
0.985 4.478794630724536319e-07
0.986 4.322819807667244163e-07
0.987 4.161638902377973182e-07
0.988 3.994615033198201104e-07
0.989 3.820975112978075572e-07
0.990 3.639765221441493281e-07
0.991 3.449785219711287709e-07
0.992 3.249489476386813180e-07
0.993 3.036829357982995248e-07
0.994 2.808989345570722662e-07
0.995 2.561913238219304390e-07
0.996 2.289371084929214817e-07
0.997 1.980867477824332923e-07
0.998 1.615921231268302449e-07
0.999 1.141608947374805894e-07
