0.600 1.410619830697679156e-03
0.601 1.389920757007279128e-03
0.602 1.371881795858120867e-03
0.603 1.354098508773216025e-03
0.604 1.338002317936126673e-03
0.605 1.322253947151907916e-03
0.606 1.307443944030484140e-03
0.607 1.293600902631530936e-03
0.608 1.280024030455684247e-03
0.609 1.266287585010350547e-03
0.610 1.253027886673696578e-03
0.611 1.239481824706567537e-03
0.612 1.226927233577201903e-03
0.613 1.217195107720225877e-03
0.614 1.207735108582519423e-03
0.615 1.198239435811321307e-03
0.616 1.188700326167912991e-03
0.617 1.179110965007446055e-03
0.618 1.169464640997319727e-03
0.619 1.159754116494049470e-03
0.620 1.149970811704981166e-03
0.621 1.140103117854618375e-03
0.622 1.130131156329206021e-03
0.623 1.119994430706650057e-03
0.624 1.109742027393001429e-03
0.625 1.099697373352026553e-03
0.626 1.089556457793072752e-03
0.627 1.079311283557982115e-03
0.628 1.066761466332333264e-03
0.629 1.053348915059704183e-03
0.630 1.040563859408649705e-03
0.631 1.027783909793411610e-03
0.632 1.015175329704964824e-03
0.633 1.002202968495180535e-03
0.634 9.892847977897023526e-04
0.635 9.757731930908342122e-04
0.636 9.624084809073396585e-04
0.637 9.488602790066469339e-04
0.638 9.350299562607133907e-04
0.639 9.208182480194837538e-04
0.640 9.060961064799588627e-04
0.641 8.906636996586225763e-04
0.642 8.741354053274363878e-04
0.643 8.547576556480196430e-04
0.644 8.329169024479110561e-04
0.645 8.144190229031345041e-04
0.646 7.999283549697810969e-04
0.647 7.849290498174177344e-04
0.648 7.679179463686569562e-04
0.649 7.543100135645186555e-04
0.650 7.406829722621521839e-04
0.651 7.295867953105439341e-04
0.652 7.179380936904733446e-04
0.653 7.052850076709749061e-04
0.654 6.930672211428179352e-04
0.655 6.836726689614103236e-04
0.656 6.744278795148828110e-04
0.657 6.649418592480360601e-04
0.658 6.549782957715466480e-04
0.659 6.453571851929851277e-04
0.660 6.356155303525179434e-04
0.661 6.254414305062461210e-04
0.662 6.150479289283028450e-04
0.663 6.043219140182687354e-04
0.664 5.921466065402780643e-04
0.665 5.801099939721776622e-04
0.666 5.667376101398113875e-04
0.667 5.519712714733282510e-04
0.668 5.341082327403601226e-04
0.669 5.158388555471793424e-04
0.670 4.978913929272188454e-04
0.671 4.841251976164251403e-04
0.672 4.719736640722560495e-04
0.673 4.609455398700834650e-04
0.674 4.511965554276908819e-04
0.675 4.417597815203899714e-04
0.676 4.318704269927753359e-04
0.677 4.216085230830390884e-04
0.678 4.113588532121958963e-04
0.679 4.009096092842945325e-04
0.680 3.912895305908659083e-04
0.681 3.819889069690551864e-04
0.682 3.727417386875098160e-04
0.683 3.627674130252112050e-04
0.684 3.523092227901702955e-04
0.685 3.420374358655831060e-04
0.686 3.316664597777796430e-04
0.687 3.204994049330611716e-04
0.688 3.093627318013769667e-04
0.689 2.977118146244572827e-04
0.690 2.853365527386575451e-04
0.691 2.743908629246893938e-04
0.692 2.626078852887570037e-04
0.693 2.509331585242025042e-04
0.694 2.402782627661803616e-04
0.695 2.302675821190813821e-04
0.696 2.226373832874273262e-04
0.697 2.151304442640222803e-04
0.698 2.082684314437255324e-04
0.699 2.016394880196559214e-04
0.700 1.960981673089223776e-04
0.701 1.906653245560274712e-04
0.702 1.856822567951610381e-04
0.703 1.820815597251002060e-04
0.704 1.797035967537885526e-04
0.705 1.772734289831046084e-04
0.706 1.747831591741855206e-04
0.707 1.722228610272491522e-04
0.708 1.693694997266792512e-04
0.709 1.662426009805262339e-04
0.710 1.631515919983117513e-04
0.711 1.599448088016597325e-04
0.712 1.565392842106660964e-04
0.713 1.528047898199380583e-04
0.714 1.482659348781556474e-04
0.715 1.422017392705976491e-04
0.716 1.375107713640355556e-04
0.717 1.356023707526077260e-04
0.718 1.336677816718978562e-04
0.719 1.316829722078916021e-04
0.720 1.296069257341603276e-04
0.721 1.272959321833022628e-04
0.722 1.253270750080082152e-04
0.723 1.232823395623805496e-04
0.724 1.211388503740140621e-04
0.725 1.188617877927455879e-04
0.726 1.163896040460299375e-04
0.727 1.135589248962842746e-04
0.728 1.101811110018058315e-04
0.729 1.067777099426070464e-04
0.730 1.028157059399514850e-04
0.731 9.950064029662364362e-05
0.732 9.884538931881348134e-05
0.733 9.819149494294521219e-05
0.734 9.753864290895641886e-05
0.735 9.688652353445625920e-05
0.736 9.623482622733714464e-05
0.737 9.558323377722999226e-05
0.738 9.493141599592469504e-05
0.739 9.427902227265860802e-05
0.740 9.362567233517360421e-05
0.741 9.297094425697594033e-05
0.742 9.231435823031652887e-05
0.743 9.165535364819010766e-05
0.744 9.099325542516467635e-05
0.745 9.032722211910204635e-05
0.746 8.965616175349300221e-05
0.747 8.897858615897202839e-05
0.748 8.829233744378495174e-05
0.749 8.759401406843725368e-05
0.750 8.687755547420739077e-05
0.751 8.612968444288160441e-05
0.752 8.530333813250301489e-05
0.753 8.441019646665548493e-05
0.754 8.382884277025048902e-05
0.755 8.324713416540951982e-05
0.756 8.266497548514717408e-05
0.757 8.208227187211925013e-05
0.758 8.149892858433371856e-05
0.759 8.091485080741200875e-05
0.760 8.032994346485189396e-05
0.761 7.974411104472167722e-05
0.762 7.915725741503010227e-05
0.763 7.856928564620169197e-05
0.764 7.798009783366310899e-05
0.765 7.738959492198382861e-05
0.766 7.679767651791458150e-05
0.767 7.620424070797771066e-05
0.768 7.560918386584347672e-05
0.769 7.501240045992840777e-05
0.770 7.441378284667177212e-05
0.771 7.381322106370102887e-05
0.772 7.321060260823131216e-05
0.773 7.260581220491779675e-05
0.774 7.199873156371605631e-05
0.775 7.138923912430872321e-05
0.776 7.077720978410084740e-05
0.777 7.016251460389977268e-05
0.778 6.954502050937616531e-05
0.779 6.892458995333416993e-05
0.780 6.830108056110617554e-05
0.781 6.767434476040445901e-05
0.782 6.704422935899234659e-05
0.783 6.641057510858860979e-05
0.784 6.577321622469600726e-05
0.785 6.513197986024454877e-05
0.786 6.448668554481784554e-05
0.787 6.383714456181799335e-05
0.788 6.318315926556739015e-05
0.789 6.252452235000482972e-05
0.790 6.186101602179139292e-05
0.791 6.119241110202899847e-05
0.792 6.051846603172261752e-05
0.793 5.983892577254845691e-05
0.794 5.915352057461742419e-05
0.795 5.846196462200303756e-05
0.796 5.776395449985649577e-05
0.797 5.705916748921513459e-05
0.798 5.634725964887010718e-05
0.799 5.562786364132765726e-05
0.800 5.490058629187277717e-05
0.801 5.416500578958594048e-05
0.802 5.342066851987681275e-05
0.803 5.266708541940001709e-05
0.804 5.190372779018126437e-05
0.805 5.113002246959208463e-05
0.806 5.034534620762531887e-05
0.807 4.954901911569109529e-05
0.808 4.874029696977366655e-05
0.809 4.791836212891809055e-05
0.810 4.708231273187202248e-05
0.811 4.623114976609610238e-05
0.812 4.536376148611687142e-05
0.813 4.397164446512391578e-05
0.814 4.281942266481930659e-05
0.815 4.170667828662377730e-05
0.816 4.060024422380958953e-05
0.817 3.948678461684895780e-05
0.818 3.835829159493098217e-05
0.819 3.720866311118786740e-05
0.820 3.603242957050944995e-05
0.821 3.482410450350581499e-05
0.822 3.357773445222811404e-05
0.823 3.228647893604996710e-05
0.824 3.094211518750444867e-05
0.825 2.953435609565069342e-05
0.826 2.804980755566344186e-05
0.827 2.647023123814040702e-05
0.828 2.476937268514056711e-05
0.829 2.290643853974927424e-05
0.830 2.080998753495322262e-05
0.831 1.832049580741124117e-05
0.832 1.496385159593938141e-05
0.833 1.133520006191268692e-05
0.834 7.214339346695020083e-06
0.835 6.957917107142108648e-06
0.836 6.835449777309321462e-06
0.837 6.708580329028990263e-06
0.838 6.576195541563301106e-06
0.839 6.436721463387584663e-06
0.840 6.287783530178892022e-06
0.841 6.125459772632346755e-06
0.842 5.942301582573250585e-06
0.843 5.720036221124047415e-06
0.844 5.357805011763083769e-06
0.845 5.155421707092600059e-06
0.846 5.114957636553896236e-06
0.847 5.074643344094020847e-06
0.848 5.034459430897086918e-06
0.849 4.994387196144423058e-06
0.850 4.954408523216713434e-06
0.851 4.914505773667698918e-06
0.852 4.874661688747394805e-06
0.853 4.834859294922111417e-06
0.854 4.795081815833768246e-06
0.855 4.755312585258408831e-06
0.856 4.715534961396983249e-06
0.857 4.675732241277152923e-06
0.858 4.635887576154296141e-06
0.859 4.595983879474019318e-06
0.860 4.556003736277958183e-06
0.861 4.515929304838017799e-06
0.862 4.475742210074962202e-06
0.863 4.435423430981799697e-06
0.864 4.394953173947335756e-06
0.865 4.354310733978294934e-06
0.866 4.313474340045253541e-06
0.867 4.272420976891844191e-06
0.868 4.231126184417455249e-06
0.869 4.189563826306752503e-06
0.870 4.147705817802993522e-06
0.871 4.105521812847179319e-06
0.872 4.062978825603025257e-06
0.873 4.020040788033085732e-06
0.874 3.976668009997297304e-06
0.875 3.932816526885929420e-06
0.876 3.888437297594471431e-06
0.877 3.843475208542557198e-06
0.878 3.797867824895106992e-06
0.879 3.751543797947398673e-06
0.880 3.704420814432118902e-06
0.881 3.656402907337152897e-06
0.882 3.607376864001032857e-06
0.883 3.557207340798562711e-06
0.884 3.505730051700517436e-06
0.885 3.452742019627308423e-06
0.886 3.397987169306837529e-06
0.887 3.341134220291586132e-06
0.888 3.281741149385730694e-06
0.889 3.219194670167624395e-06
0.890 3.152599186706517287e-06
0.891 3.080551545853182915e-06
0.892 3.000613617687442058e-06
0.893 2.907761835202471445e-06
0.894 2.787253981062498553e-06
0.895 2.576859195912994949e-06
0.896 2.560507778470721973e-06
0.897 2.544178371310934494e-06
0.898 2.527868908197561382e-06
0.899 2.511577345098991998e-06
0.900 2.495301658522741661e-06
0.901 2.479039842961938689e-06
0.902 2.462789908230789138e-06
0.903 2.446549877577197663e-06
0.904 2.430317785906410677e-06
0.905 2.414091677560570304e-06
0.906 2.397869604098268326e-06
0.907 2.381649622185122439e-06
0.908 2.365429791484352506e-06
0.909 2.349208173213490625e-06
0.910 2.332982827701890471e-06
0.911 2.316751812059258953e-06
0.912 2.300513179287477783e-06
0.913 2.284264974283800598e-06
0.914 2.268005234062897557e-06
0.915 2.251731983871074760e-06
0.916 2.235443235965028919e-06
0.917 2.219136986947312096e-06
0.918 2.202811216323041776e-06
0.919 2.186463882725142582e-06
0.920 2.170092923803323970e-06
0.921 2.153696251672165829e-06
0.922 2.137271751356806249e-06
0.923 2.120817278572495468e-06
0.924 2.104330656282904499e-06
0.925 2.087809672923768289e-06
0.926 2.071252077739949016e-06
0.927 2.054655580563391482e-06
0.928 2.038017845484851875e-06
0.929 2.021336490076741654e-06
0.930 2.004609080841213142e-06
0.931 1.987833129435401247e-06
0.932 1.971006088785642874e-06
0.933 1.954125350200897060e-06
0.934 1.937188237155496040e-06
0.935 1.920192002513587681e-06
0.936 1.903133822422908850e-06
0.937 1.886010792317982521e-06
0.938 1.868819920036735027e-06
0.939 1.851558121268581658e-06
0.940 1.834222212226954696e-06
0.941 1.816808904098188293e-06
0.942 1.799314795047912696e-06
0.943 1.781736362560515374e-06
0.944 1.764069955334512940e-06
0.945 1.746311784844856163e-06
0.946 1.728457914351722025e-06
0.947 1.710504250018729522e-06
0.948 1.692446528478441792e-06
0.949 1.674280305286046655e-06
0.950 1.656000941152591110e-06
0.951 1.637603587734126620e-06
0.952 1.619083171755519857e-06
0.953 1.600434377246884310e-06
0.954 1.581651627335922683e-06
0.955 1.562729063375734029e-06
0.956 1.543660521519107931e-06
0.957 1.524439507849528752e-06
0.958 1.505059170847644623e-06
0.959 1.485512269527866636e-06
0.960 1.465791141019856525e-06
0.961 1.445887660156408572e-06
0.962 1.425793199283376111e-06
0.963 1.405498579076791543e-06
0.964 1.384994015585228055e-06
0.965 1.364269060277756296e-06
0.966 1.343312532542384474e-06
0.967 1.322112441526357429e-06
0.968 1.300655899316716102e-06
0.969 1.278929021575336833e-06
0.970 1.256916811298580683e-06
0.971 1.234603028144043435e-06
0.972 1.211970035330800499e-06
0.973 1.188998621559633762e-06
0.974 1.165667793734392887e-06
0.975 1.141954533934175231e-06
0.976 1.117833509645116408e-06
0.977 1.093276731700676407e-06
0.978 1.068253142277875156e-06
0.979 1.042728119182712021e-06
0.980 1.016662870556572784e-06
0.981 9.900136925811153787e-07
0.982 9.627310479931594500e-07
0.983 9.347584092322946958e-07
0.984 9.060307916142207318e-07
0.985 8.764728642862706920e-07
0.986 8.459964818685605792e-07
0.987 8.144974071866428744e-07
0.988 7.818508692691850115e-07
0.989 7.479054111581007191e-07
0.990 7.124741474573426103e-07
0.991 6.753219576882685260e-07
0.992 6.361460387349637813e-07
0.993 5.945450485267400609e-07
0.994 5.499674217146477417e-07
0.995 5.016185598005762358e-07
0.996 4.482780708858769003e-07
0.997 3.878900705078791589e-07
0.998 3.164427767599065078e-07
0.999 2.235702154518293128e-07
