0.600 2.182857962460649226e-02
0.601 2.174131494418418686e-02
0.602 2.165388195733652932e-02
0.603 2.156627534850863448e-02
0.604 2.147848973524180138e-02
0.605 2.139051966464111665e-02
0.606 2.130235960975146448e-02
0.607 2.121400396581329950e-02
0.608 2.112544704640628712e-02
0.609 2.103668307946837679e-02
0.610 2.094770620317942811e-02
0.611 2.085851046170283940e-02
0.612 2.076908980077840639e-02
0.613 2.067943806315009070e-02
0.614 2.058954898382536758e-02
0.615 2.049941618515260799e-02
0.616 2.040903317170150721e-02
0.617 2.031839332494023154e-02
0.618 2.022748989769107553e-02
0.619 2.013631600835319446e-02
0.620 2.004486463487675785e-02
0.621 1.995312860847342495e-02
0.622 1.986110060704437963e-02
0.623 1.976877314830738364e-02
0.624 1.967613858261008097e-02
0.625 1.958318908539524728e-02
0.626 1.948991664930843637e-02
0.627 1.939631307591893616e-02
0.628 1.930236996702516805e-02
0.629 1.920807871552088208e-02
0.630 1.911343049579106168e-02
0.631 1.901841625360300991e-02
0.632 1.892302669546164218e-02
0.633 1.882725227738391016e-02
0.634 1.873108319305882841e-02
0.635 1.863450936134980473e-02
0.636 1.853752041307710208e-02
0.637 1.844010567704612580e-02
0.638 1.834225416525314678e-02
0.639 1.824395455720961845e-02
0.640 1.814519518332069481e-02
0.641 1.804596400723679217e-02
0.642 1.794624860710647418e-02
0.643 1.784603615563706835e-02
0.644 1.774531339886564751e-02
0.645 1.764406663354256555e-02
0.646 1.754228168300475676e-02
0.647 1.743994387140468394e-02
0.648 1.733703799617591912e-02
0.649 1.723354829855294756e-02
0.650 1.712945843199775720e-02
0.651 1.702475142832360344e-02
0.652 1.691940966132343682e-02
0.653 1.681341480765052854e-02
0.654 1.670674780471048670e-02
0.655 1.659938880525813065e-02
0.656 1.649131712838491914e-02
0.657 1.638251120653166915e-02
0.658 1.627294852811800308e-02
0.659 1.616260557533510944e-02
0.660 1.588858274179394403e-02
0.661 1.567893423956101540e-02
0.662 1.549547780162152666e-02
0.663 1.532317551256645594e-02
0.664 1.515715885028501297e-02
0.665 1.499509983385438616e-02
0.666 1.483566042809514318e-02
0.667 1.467797968938477915e-02
0.668 1.452145828943374184e-02
0.669 1.436565339812456710e-02
0.670 1.421022177650721474e-02
0.671 1.405488647739583374e-02
0.672 1.389941613024581191e-02
0.673 1.374361138849233832e-02
0.674 1.358729566976446534e-02
0.675 1.343030857671823064e-02
0.676 1.327250104607236025e-02
0.677 1.311373163794693486e-02
0.678 1.295386358780592495e-02
0.679 1.279276236862014748e-02
0.680 1.263029358750955566e-02
0.681 1.246632108857004262e-02
0.682 1.230070516272219194e-02
0.683 1.213330078250929311e-02
0.684 1.196395578816800143e-02
0.685 1.179250895291850121e-02
0.686 1.161878785093506394e-02
0.687 1.144260644054517773e-02
0.688 1.126376225680869592e-02
0.689 1.108203307933519621e-02
0.690 1.089717289923153309e-02
0.691 1.070890694686899014e-02
0.692 1.051692544933824358e-02
0.693 1.032087564541761537e-02
0.694 1.012035136643063549e-02
0.695 9.914879140128340929e-03
0.696 9.703899192928133743e-03
0.697 9.486738722562448878e-03
0.698 9.262572998135598645e-03
0.699 9.030366366043485193e-03
0.700 8.788778084239168287e-03
0.701 8.536001812530891186e-03
0.702 8.269466910604594823e-03
0.703 7.985208981185043520e-03
0.704 7.676261064530676137e-03
0.705 7.326764284196873867e-03
0.706 6.826634363384487258e-03
0.707 6.466564088683623979e-03
0.708 6.165150458276258405e-03
0.709 5.895454255155474499e-03
0.710 5.537976687056356262e-03
0.711 5.313177893520371065e-03
0.712 5.017418577919818823e-03
0.713 4.780715541445990091e-03
0.714 4.598207739314075226e-03
0.715 4.390716002815708841e-03
0.716 4.129034484355642576e-03
0.717 3.831409990756706740e-03
0.718 3.570428928185820361e-03
0.719 3.458009263636929731e-03
0.720 3.328684697948447457e-03
0.721 3.168755092386232874e-03
0.722 2.911158689092085972e-03
0.723 2.712520523105999004e-03
0.724 2.700407089833434249e-03
0.725 2.688300015929012687e-03
0.726 2.676197533274526918e-03
0.727 2.664097888111394141e-03
0.728 2.651999337839439086e-03
0.729 2.639900147875740011e-03
0.730 2.627798588554441928e-03
0.731 2.615692932055990738e-03
0.732 2.603581449347136534e-03
0.733 2.591462407116718047e-03
0.734 2.579334064693461492e-03
0.735 2.567194670927586131e-03
0.736 2.555042461020784472e-03
0.737 2.542875653291143401e-03
0.738 2.530692445851578931e-03
0.739 2.518491013183465910e-03
0.740 2.506269502592806120e-03
0.741 2.494026030519624904e-03
0.742 2.481758678684720110e-03
0.743 2.469465490048006195e-03
0.744 2.457144464553362440e-03
0.745 2.444793554629343113e-03
0.746 2.432410660419437320e-03
0.747 2.419993624701133328e-03
0.748 2.407540227462812155e-03
0.749 2.395048180089842660e-03
0.750 2.382515119116579427e-03
0.751 2.369938599488641273e-03
0.752 2.357316087277849803e-03
0.753 2.344644951779328856e-03
0.754 2.331922456915935804e-03
0.755 2.319145751860207660e-03
0.756 2.306311860778231804e-03
0.757 2.293417671573760863e-03
0.758 2.280459923509114972e-03
0.759 2.267435193543332339e-03
0.760 2.254339881215594588e-03
0.761 2.241170191868868677e-03
0.762 2.227922117971514737e-03
0.763 2.214591418263189837e-03
0.764 2.201173594385541499e-03
0.765 2.187663864621547383e-03
0.766 2.174057134269991032e-03
0.767 2.160347962107400654e-03
0.768 2.146530522284084697e-03
0.769 2.132598560846354907e-03
0.770 2.118545345932920654e-03
0.771 2.104363610463733103e-03
0.772 2.090045485881431020e-03
0.773 2.075582425173916334e-03
0.774 2.060965112955726042e-03
0.775 2.046183359850628491e-03
0.776 2.031225977666584193e-03
0.777 2.016080630913741345e-03
0.778 2.000733658924613856e-03
0.779 1.985169861132285440e-03
0.780 1.969372235709254682e-03
0.781 1.953321658551110396e-03
0.782 1.936996485058406492e-03
0.783 1.920372050721708135e-03
0.784 1.903420037185465929e-03
0.785 1.886107656650093389e-03
0.786 1.868396586629406109e-03
0.787 1.850241554792853016e-03
0.788 1.831588422246399617e-03
0.789 1.812371529245848656e-03
0.790 1.792509923660312587e-03
0.791 1.771901837392730883e-03
0.792 1.750416299887924687e-03
0.793 1.727879835175305523e-03
0.794 1.704054181764114162e-03
0.795 1.678596293521072980e-03
0.796 1.650979587771717050e-03
0.797 1.620317439370744239e-03
0.798 1.584880587005899066e-03
0.799 1.540203066064949056e-03
0.800 1.439241243760713829e-03
0.801 1.434466733701844632e-03
0.802 1.429696360599086447e-03
0.803 1.424929881053804692e-03
0.804 1.420167105734893020e-03
0.805 1.415407846899308097e-03
0.806 1.410651918320349196e-03
0.807 1.405899135217270057e-03
0.808 1.401149314186223016e-03
0.809 1.396402273133978689e-03
0.810 1.391657831209314189e-03
0.811 1.386915808739730416e-03
0.812 1.382176027166392984e-03
0.813 1.377438308981959736e-03
0.814 1.372702477667742116e-03
0.815 1.367968357633086995e-03
0.816 1.363235774155202584e-03
0.817 1.358504553320094566e-03
0.818 1.353774521962836097e-03
0.819 1.349045507610946437e-03
0.820 1.344317338425993213e-03
0.821 1.339589843148081272e-03
0.822 1.334862851038010056e-03
0.823 1.330136191824093927e-03
0.824 1.325409695643764429e-03
0.825 1.320683192991611854e-03
0.826 1.315956514663207955e-03
0.827 1.311229491701371153e-03
0.828 1.306501955342431742e-03
0.829 1.301773736961275851e-03
0.830 1.297044668019942115e-03
0.831 1.292314580011555414e-03
0.832 1.287583304408701501e-03
0.833 1.282850672609248122e-03
0.834 1.278116515882166127e-03
0.835 1.273380665315460014e-03
0.836 1.268642951761433935e-03
0.837 1.263903205782623829e-03
0.838 1.259161257597840589e-03
0.839 1.254416937028213219e-03
0.840 1.249670073442343821e-03
0.841 1.244920495700574392e-03
0.842 1.240168032099697726e-03
0.843 1.235412510317446255e-03
0.844 1.230653757355648636e-03
0.845 1.225891599482720196e-03
0.846 1.221125862176708488e-03
0.847 1.216356370066451476e-03
0.848 1.211582946872402644e-03
0.849 1.206805415346901000e-03
0.850 1.202023597212997785e-03
0.851 1.197237313103172163e-03
0.852 1.192446382497158730e-03
0.853 1.187650623656888449e-03
0.854 1.182849853562872866e-03
0.855 1.178043887847368687e-03
0.856 1.173232540728763595e-03
0.857 1.168415624940744024e-03
0.858 1.163592951664571551e-03
0.859 1.158764330456807379e-03
0.860 1.153929569176481706e-03
0.861 1.149088473910597763e-03
0.862 1.144240848898525620e-03
0.863 1.139386496453509423e-03
0.864 1.134525216883064402e-03
0.865 1.129656808406820367e-03
0.866 1.124781067073921115e-03
0.867 1.119897786675538853e-03
0.868 1.115006758656944541e-03
0.869 1.110107772027246753e-03
0.870 1.105200613265799880e-03
0.871 1.100285066227058017e-03
0.872 1.095360912040765911e-03
0.873 1.090427929010706620e-03
0.874 1.085485892511228734e-03
0.875 1.080534574878444509e-03
0.876 1.075573745299096551e-03
0.877 1.070603169696204837e-03
0.878 1.065622610611383081e-03
0.879 1.060631827081381928e-03
0.880 1.055630574512411712e-03
0.881 1.050618604550357382e-03
0.882 1.045595664945109249e-03
0.883 1.040561499410341817e-03
0.884 1.035515847480406038e-03
0.885 1.030458444359672043e-03
0.886 1.025389020767208947e-03
0.887 1.020307302776801706e-03
0.888 1.015213011648863350e-03
0.889 1.010105863659016556e-03
0.890 1.004985569916239108e-03
0.891 9.998518361780117658e-04
0.892 9.947043626545859496e-04
0.893 9.895428438084774569e-04
0.894 9.843669681444122688e-04
0.895 9.791764179899464793e-04
0.896 9.739708692692028436e-04
0.897 9.687499912643948718e-04
0.898 9.635134463702454966e-04
0.899 9.582608898359712413e-04
0.900 9.529919694954980258e-04
0.901 9.477063254885731425e-04
0.902 9.424035899663341098e-04
0.903 9.370833867861083633e-04
0.904 9.317453311903367563e-04
0.905 9.263890294725074526e-04
0.906 9.210140786261034052e-04
0.907 9.156200659784508034e-04
0.908 9.102065688051386161e-04
0.909 9.047731539271186563e-04
0.910 8.993193772884877646e-04
0.911 8.938447835123985996e-04
0.912 8.883489054347659675e-04
0.913 8.828312636148805126e-04
0.914 8.772913658202652343e-04
0.915 8.717287064861078960e-04
0.916 8.661427661430520786e-04
0.917 8.605330108191200367e-04
0.918 8.548988914044430842e-04
0.919 8.492398429853498243e-04
0.920 8.435552841387083944e-04
0.921 8.378446161877439735e-04
0.922 8.321072224161119024e-04
0.923 8.263424672347863265e-04
0.924 8.205496953024304929e-04
0.925 8.147282305922542989e-04
0.926 8.088773754033606878e-04
0.927 8.029964093114738688e-04
0.928 7.970845880549415341e-04
0.929 7.911411423523473374e-04
0.930 7.851652766424077612e-04
0.931 7.791561677442659928e-04
0.932 7.731129634309663601e-04
0.933 7.670347809057842525e-04
0.934 7.609207051783029030e-04
0.935 7.547697873272474212e-04
0.936 7.485810426446359855e-04
0.937 7.423534486467042726e-04
0.938 7.360859429436095169e-04
0.939 7.297774209541474377e-04
0.940 7.234267334486066403e-04
0.941 7.170326839093243976e-04
0.942 7.105940256872944616e-04
0.943 7.041094589371743595e-04
0.944 6.975776273085987356e-04
0.945 6.909971143709281449e-04
0.946 6.843664397434556790e-04
0.947 6.776840549005402892e-04
0.948 6.709483386188042076e-04
0.949 6.641575920284248369e-04
0.950 6.573100332236680998e-04
0.951 6.504037913865889919e-04
0.952 6.434369003656126296e-04
0.953 6.364072916501539723e-04
0.954 6.293127866655590097e-04
0.955 6.221510883105407785e-04
0.956 6.149197716419640969e-04
0.957 6.076162735990653374e-04
0.958 6.002378816435394171e-04
0.959 5.927817211758279470e-04
0.960 5.852447415561901067e-04
0.961 5.776237005413742409e-04
0.962 5.699151469119589919e-04
0.963 5.621154010235773768e-04
0.964 5.542205329721605622e-04
0.965 5.462263380067167162e-04
0.966 5.381283087519950215e-04
0.967 5.299216037198961615e-04
0.968 5.216010114874602976e-04
0.969 5.131609097863698565e-04
0.970 5.045952185962487846e-04
0.971 4.958973461274274186e-04
0.972 4.870601263339269238e-04
0.973 4.780757462718998596e-04
0.974 4.689356612159745197e-04
0.975 4.596304949087137715e-04
0.976 4.501499216373883172e-04
0.977 4.404825259202160836e-04
0.978 4.306156343761857741e-04
0.979 4.205351127295475777e-04
0.980 4.102251186893779433e-04
0.981 3.996677983810759116e-04
0.982 3.888429097325118988e-04
0.983 3.777273501153199931e-04
0.984 3.662945567081132836e-04
0.985 3.545137349859617260e-04
0.986 3.423488510125860529e-04
0.987 3.297572926682645900e-04
0.988 3.166880563404417259e-04
0.989 3.030792357774370060e-04
0.990 2.888544538832693576e-04
0.991 2.739176368505846781e-04
0.992 2.581450795944295606e-04
0.993 2.413728595426212209e-04
0.994 2.233757567885463757e-04
0.995 2.038294095253467830e-04
0.996 1.822358036854820895e-04
0.997 1.577562726231551693e-04
0.998 1.287548907770164064e-04
0.999 9.100639099934859644e-05
