0.600 5.266263374444135614e-03
0.601 5.171795247865929035e-03
0.602 5.082850045892817192e-03
0.603 4.993141581556059805e-03
0.604 4.919768256654410976e-03
0.605 4.853540394146982351e-03
0.606 4.785061602716300655e-03
0.607 4.721416994234450826e-03
0.608 4.657111135136560165e-03
0.609 4.591934399771457898e-03
0.610 4.525634889560481433e-03
0.611 4.457864318303084161e-03
0.612 4.388019359624517612e-03
0.613 4.314127719940774597e-03
0.614 4.236686855372484573e-03
0.615 4.166348629549565530e-03
0.616 4.092227125473968385e-03
0.617 4.009830942101166862e-03
0.618 3.937299177278585915e-03
0.619 3.857575714262040378e-03
0.620 3.773205870041262955e-03
0.621 3.699402702496690232e-03
0.622 3.624977724556610603e-03
0.623 3.541586913193173203e-03
0.624 3.469088697609534755e-03
0.625 3.402791508454794389e-03
0.626 3.332753158630685775e-03
0.627 3.249716393617152477e-03
0.628 3.176166269979519008e-03
0.629 3.108145082891811128e-03
0.630 3.042389968316738802e-03
0.631 2.971964678421867845e-03
0.632 2.893320102004715011e-03
0.633 2.800881853670444954e-03
0.634 2.716297383477228600e-03
0.635 2.621531545090816095e-03
0.636 2.548657052739877749e-03
0.637 2.493406124830510606e-03
0.638 2.434769650765500337e-03
0.639 2.370726372500464585e-03
0.640 2.295346575717727156e-03
0.641 2.209406923245782473e-03
0.642 2.126952155802941391e-03
0.643 2.056419212230320426e-03
0.644 1.994757890498632946e-03
0.645 1.924847056387846145e-03
0.646 1.882639095274973862e-03
0.647 1.847306908016044247e-03
0.648 1.815103058384615053e-03
0.649 1.780604689691878129e-03
0.650 1.735178624177824425e-03
0.651 1.692399022754198512e-03
0.652 1.671614599889403863e-03
0.653 1.649554799099783864e-03
0.654 1.624668879443902370e-03
0.655 1.604877145105487735e-03
0.656 1.584415686066598106e-03
0.657 1.563108506129395892e-03
0.658 1.540687155867082048e-03
0.659 1.516681430133726138e-03
0.660 1.489992139731666221e-03
0.661 1.455041158361591869e-03
0.662 1.429286873890767140e-03
0.663 1.398728822600059374e-03
0.664 1.376825721867147578e-03
0.665 1.349186473033281430e-03
0.666 1.330505955540184360e-03
0.667 1.303947625096446572e-03
0.668 1.283610447658789511e-03
0.669 1.263871289455043012e-03
0.670 1.257026532841876154e-03
0.671 1.250174110972501751e-03
0.672 1.243310388118756826e-03
0.673 1.236431347388822211e-03
0.674 1.229532469910643577e-03
0.675 1.222608572492789314e-03
0.676 1.215653583075848587e-03
0.677 1.208660220215707071e-03
0.678 1.201619519250796131e-03
0.679 1.194520102632989911e-03
0.680 1.187346999979355111e-03
0.681 1.180079620497598292e-03
0.682 1.172687985434239799e-03
0.683 1.165124946702067454e-03
0.684 1.157307460227574580e-03
0.685 1.149058857835227876e-03
0.686 1.139810252399509061e-03
0.687 1.128699245977249355e-03
0.688 1.122884525156297997e-03
0.689 1.117071625424403969e-03
0.690 1.111259885401061354e-03
0.691 1.105448652262475129e-03
0.692 1.099637280678078533e-03
0.693 1.093825131803671802e-03
0.694 1.088011572323854814e-03
0.695 1.082195973538091494e-03
0.696 1.076377710483078509e-03
0.697 1.070556161087643510e-03
0.698 1.064730705355176887e-03
0.699 1.058900724572597873e-03
0.700 1.053065600532754331e-03
0.701 1.047224714781691546e-03
0.702 1.041377447864699768e-03
0.703 1.035523178597452798e-03
0.704 1.029661283331373411e-03
0.705 1.023791135229878968e-03
0.706 1.017912103540519198e-03
0.707 1.012023552861895936e-03
0.708 1.006124842414135578e-03
0.709 1.000215325296371915e-03
0.710 9.942943477331267488e-04
0.711 9.883612483055914666e-04
0.712 9.824153571722504807e-04
0.713 9.764559952730733627e-04
0.714 9.704824734944050846e-04
0.715 9.644940918343003489e-04
0.716 9.584901385193411727e-04
0.717 9.524698891024696579e-04
0.718 9.464326055153016171e-04
0.719 9.403775351009002748e-04
0.720 9.343039095787153414e-04
0.721 9.282109439837649134e-04
0.722 9.220978355488629319e-04
0.723 9.159637625263394867e-04
0.724 9.098078829566924597e-04
0.725 9.036293333615219581e-04
0.726 8.974272273797323507e-04
0.727 8.912006543033701433e-04
0.728 8.849486775474035838e-04
0.729 8.786703330151413027e-04
0.730 8.723646273579577226e-04
0.731 8.660305361379849742e-04
0.732 8.596670018502505783e-04
0.733 8.532729318229126392e-04
0.734 8.468471959689471973e-04
0.735 8.403886243767422215e-04
0.736 8.338960047235000062e-04
0.737 8.273680794995685872e-04
0.738 8.208035430167237578e-04
0.739 8.142010381898545646e-04
0.740 8.075591530531944784e-04
0.741 8.008764169983306758e-04
0.742 7.941512967004626944e-04
0.743 7.873821916934975462e-04
0.744 7.805674295577880173e-04
0.745 7.737052606904271101e-04
0.746 7.667938525849349318e-04
0.747 7.598312835939147192e-04
0.748 7.528155360775334870e-04
0.749 7.457444889091835449e-04
0.750 7.386159092133137705e-04
0.751 7.314274432633771639e-04
0.752 7.241766064320920293e-04
0.753 7.168607720621222867e-04
0.754 7.094771590979709330e-04
0.755 7.020228183473031791e-04
0.756 6.944946171172361460e-04
0.757 6.868892220446287666e-04
0.758 6.792030798072890008e-04
0.759 6.714323954132295214e-04
0.760 6.635731076618522906e-04
0.761 6.556208613297531684e-04
0.762 6.475709755152658786e-04
0.763 6.394184074707265353e-04
0.764 6.311577111066668522e-04
0.765 6.202812334187290944e-04
0.766 6.060372809788550086e-04
0.767 5.942251330881553884e-04
0.768 5.829532727381625534e-04
0.769 5.718922993137587341e-04
0.770 5.609036494712560383e-04
0.771 5.499094694496609037e-04
0.772 5.388576529268274129e-04
0.773 5.277086128636643281e-04
0.774 5.164291459455183642e-04
0.775 5.049891160741060148e-04
0.776 4.933593941481850820e-04
0.777 4.815103804112208508e-04
0.778 4.694107713625328415e-04
0.779 4.570263681165087633e-04
0.780 4.443187708461637797e-04
0.781 4.312438030920073828e-04
0.782 4.177494677378712495e-04
0.783 4.037731411536960024e-04
0.784 3.892375247090962276e-04
0.785 3.740445019865257237e-04
0.786 3.580652698532693634e-04
0.787 3.411233137048386155e-04
0.788 3.229620851609160681e-04
0.789 3.031743719085211453e-04
0.790 2.810072043514244555e-04
0.791 2.544587383710439354e-04
0.792 2.190225861464778490e-04
0.793 1.943146063335676743e-04
0.794 1.634522305660190966e-04
0.795 1.407372772772585989e-04
0.796 1.152966908599672990e-04
0.797 1.057674934401564570e-04
0.798 1.038529060599646670e-04
0.799 1.018178457968810235e-04
0.800 9.961934804736394256e-05
0.801 9.718246567902433242e-05
0.802 9.435134036561709792e-05
0.803 9.065657670992433026e-05
0.804 8.453339692615635670e-05
0.805 8.400557836751865182e-05
0.806 8.347950090592526351e-05
0.807 8.295499025723351849e-05
0.808 8.243187813417041099e-05
0.809 8.191000150570282301e-05
0.810 8.138920191291809658e-05
0.811 8.086932483220010681e-05
0.812 8.035021907915051997e-05
0.813 7.983173624626083154e-05
0.814 7.931373016600851145e-05
0.815 7.879605639682374374e-05
0.816 7.827857172393315466e-05
0.817 7.776113367163883794e-05
0.818 7.724360002325791896e-05
0.819 7.672582833984087358e-05
0.820 7.620767547833473543e-05
0.821 7.568899710197474207e-05
0.822 7.516964717513285876e-05
0.823 7.464947744628691595e-05
0.824 7.412833690001452425e-05
0.825 7.360607118667150672e-05
0.826 7.308252201387865910e-05
0.827 7.255752649293345513e-05
0.828 7.203091643703807279e-05
0.829 7.150251759735493096e-05
0.830 7.097214882734181884e-05
0.831 7.043962116237700855e-05
0.832 6.990473680246189758e-05
0.833 6.936728797513058709e-05
0.834 6.882705566446656320e-05
0.835 6.828380817780477230e-05
0.836 6.773729951847773378e-05
0.837 6.718726753629500337e-05
0.838 6.663343180302039315e-05
0.839 6.607549116544042533e-05
0.840 6.551312090885552664e-05
0.841 6.494596944695008034e-05
0.842 6.437365443390241637e-05
0.843 6.379575817294647067e-05
0.844 6.321182214819032197e-05
0.845 6.262134046541856236e-05
0.846 6.202375192532194603e-05
0.847 6.141843034968008652e-05
0.848 6.080467267088884853e-05
0.849 6.018168411314750443e-05
0.850 5.954855953993476447e-05
0.851 5.890425968135826196e-05
0.852 5.824758040795519065e-05
0.853 5.757711238107976470e-05
0.854 5.689118712726148885e-05
0.855 5.618780347904639427e-05
0.856 5.546452487925623842e-05
0.857 5.471833205483722651e-05
0.858 5.394540478920184512e-05
0.859 5.314078602247640504e-05
0.860 5.229783998550452395e-05
0.861 5.140732516628609972e-05
0.862 5.045568311257131455e-05
0.863 4.942153848264130289e-05
0.864 4.826740148911046191e-05
0.865 4.691475149209978213e-05
0.866 4.512341160856081501e-05
0.867 4.219824669549065987e-05
0.868 4.198738547545044497e-05
0.869 4.177675701677596720e-05
0.870 4.156634415453108744e-05
0.871 4.135612989064618716e-05
0.872 4.114609738103958136e-05
0.873 4.093622992340506528e-05
0.874 4.072651094477741651e-05
0.875 4.051692399031914249e-05
0.876 4.030745271177416100e-05
0.877 4.009808085514432463e-05
0.878 3.988879225080843582e-05
0.879 3.967957080097672673e-05
0.880 3.947040047092009729e-05
0.881 3.926126527520334974e-05
0.882 3.905214926980260515e-05
0.883 3.884303653978182780e-05
0.884 3.863391118874570651e-05
0.885 3.842475732951378120e-05
0.886 3.821555907179696732e-05
0.887 3.800630051331577164e-05
0.888 3.779696572780988362e-05
0.889 3.758753875549025736e-05
0.890 3.737800359115972526e-05
0.891 3.716834417466508000e-05
0.892 3.695854437946177740e-05
0.893 3.674858800140068382e-05
0.894 3.653845874784789061e-05
0.895 3.632814022569430534e-05
0.896 3.611761593125262237e-05
0.897 3.590686923693464649e-05
0.898 3.569588338003804040e-05
0.899 3.548464145075591603e-05
0.900 3.527312637863211364e-05
0.901 3.506132092112590470e-05
0.902 3.484920764917909253e-05
0.903 3.463676893422640291e-05
0.904 3.442398693420667399e-05
0.905 3.421084357912995699e-05
0.906 3.399732055586746071e-05
0.907 3.378339929305251843e-05
0.908 3.356906094587053246e-05
0.909 3.335428637762927195e-05
0.910 3.313905614521495124e-05
0.911 3.292335047810901472e-05
0.912 3.270714926340012596e-05
0.913 3.249043202324664037e-05
0.914 3.227317789666894754e-05
0.915 3.205536561845523380e-05
0.916 3.183697349551373179e-05
0.917 3.161797938566746069e-05
0.918 3.139836067267420816e-05
0.919 3.117809424091344539e-05
0.920 3.095715644918506371e-05
0.921 3.073552310195459825e-05
0.922 3.051316942070947391e-05
0.923 3.029007001242867148e-05
0.924 3.006619883760830447e-05
0.925 2.984152917506754932e-05
0.926 2.961603358542230779e-05
0.927 2.938968387344864652e-05
0.928 2.916245104545023281e-05
0.929 2.893430526873519426e-05
0.930 2.870521582243323877e-05
0.931 2.847515105164344362e-05
0.932 2.824407831336639418e-05
0.933 2.801196392254734491e-05
0.934 2.777877309279030982e-05
0.935 2.754446987318637241e-05
0.936 2.730901708214439338e-05
0.937 2.707237623444935792e-05
0.938 2.683450746610027693e-05
0.939 2.659536945004425945e-05
0.940 2.635491930980116138e-05
0.941 2.611311252320724918e-05
0.942 2.586990282071877090e-05
0.943 2.562524207561089895e-05
0.944 2.537908018485079964e-05
0.945 2.513136494219914141e-05
0.946 2.488204189776688224e-05
0.947 2.463105420891231745e-05
0.948 2.437834247737136195e-05
0.949 2.412384457162186635e-05
0.950 2.386749543492605596e-05
0.951 2.360922687372202233e-05
0.952 2.334896732969493627e-05
0.953 2.308664162808948817e-05
0.954 2.282217070193048869e-05
0.955 2.255547129004220608e-05
0.956 2.228645560442554796e-05
0.957 2.201503096255219560e-05
0.958 2.174109938246626683e-05
0.959 2.146455713292194645e-05
0.960 2.118529423389414745e-05
0.961 2.090319390135597644e-05
0.962 2.061813192599792899e-05
0.963 2.032997597989361083e-05
0.964 2.003858483645704069e-05
0.965 1.974380749103499255e-05
0.966 1.944548217136521373e-05
0.967 1.914343521058903264e-05
0.968 1.883747977005079122e-05
0.969 1.852741437680105463e-05
0.970 1.821302124915824550e-05
0.971 1.789406436636387099e-05
0.972 1.757028723747833254e-05
0.973 1.724141030623460580e-05
0.974 1.690712791835302653e-05
0.975 1.656710475805844851e-05
0.976 1.622097163445079815e-05
0.977 1.586832046851505140e-05
0.978 1.550869828392809069e-05
0.979 1.514159995363861810e-05
0.980 1.476645936704379380e-05
0.981 1.438263857911348254e-05
0.982 1.398941434849199084e-05
0.983 1.358596125011768407e-05
0.984 1.317133023692740323e-05
0.985 1.274442105347883825e-05
0.986 1.230394620088670621e-05
0.987 1.184838305934299285e-05
0.988 1.137590903232954531e-05
0.989 1.088431172546755477e-05
0.990 1.037086130240005843e-05
0.991 9.832123522346414290e-06
0.992 9.263675844972674156e-06
0.993 8.659657056875325054e-06
0.994 8.012012893354736320e-06
0.995 7.309141572764410455e-06
0.996 6.533226780680578827e-06
0.997 5.654259452425591803e-06
0.998 4.613690573473938628e-06
0.999 3.260264341387042464e-06
