0.600 1.330263698394118510e-02
0.601 1.325194916029759362e-02
0.602 1.320124890924512240e-02
0.603 1.315053299065405135e-02
0.604 1.309979817864093121e-02
0.605 1.304904125923245228e-02
0.606 1.299825902807960620e-02
0.607 1.294744828820815208e-02
0.608 1.289660584780272234e-02
0.609 1.284572851802479043e-02
0.610 1.279481311084862405e-02
0.611 1.274385643691966497e-02
0.612 1.269285530343211565e-02
0.613 1.264180651201074479e-02
0.614 1.259070685660712563e-02
0.615 1.253955312139087841e-02
0.616 1.248834207864235601e-02
0.617 1.243707048664355330e-02
0.618 1.238573508755169694e-02
0.619 1.233433260526395348e-02
0.620 1.228285974326326357e-02
0.621 1.223131318244030652e-02
0.622 1.217968957888904136e-02
0.623 1.212798556167371533e-02
0.624 1.207619773055890189e-02
0.625 1.202432265370023678e-02
0.626 1.197235686529118937e-02
0.627 1.192029686315909665e-02
0.628 1.186813910631268065e-02
0.629 1.181588001242550590e-02
0.630 1.176351595525471083e-02
0.631 1.171104326199878809e-02
0.632 1.165845821057032161e-02
0.633 1.160575702679167431e-02
0.634 1.155293588150518858e-02
0.635 1.149999088758979493e-02
0.636 1.144691809687126138e-02
0.637 1.139371349692952506e-02
0.638 1.134037300779267010e-02
0.639 1.128689247849889998e-02
0.640 1.123326768353505312e-02
0.641 1.117949431912712566e-02
0.642 1.112556799938335672e-02
0.643 1.107148425227377775e-02
0.644 1.101723851543534582e-02
0.645 1.096282613179799803e-02
0.646 1.090824234500953338e-02
0.647 1.085348229464799807e-02
0.648 1.079854101121102694e-02
0.649 1.074341341086637591e-02
0.650 1.068809428994244026e-02
0.651 1.063257831914066198e-02
0.652 1.057686003745428316e-02
0.653 1.052093384577745816e-02
0.654 1.046479400016353534e-02
0.655 1.040843460472995474e-02
0.656 1.035184960416812849e-02
0.657 1.029503277583465604e-02
0.658 1.023797772139689588e-02
0.659 1.018067785799092739e-02
0.660 1.012312640885748571e-02
0.661 1.006531639342733708e-02
0.662 1.000724061678270882e-02
0.663 9.948891658489222856e-03
0.664 9.890261860706073271e-03
0.665 9.831343315545026940e-03
0.666 9.772127851593093162e-03
0.667 9.712607019559449384e-03
0.668 9.652772076934379442e-03
0.669 9.592613971607932832e-03
0.670 9.532123324339170090e-03
0.671 9.471290409982957570e-03
0.672 9.410105137350965876e-03
0.673 9.348557027597403923e-03
0.674 9.286635190980163657e-03
0.675 9.224328301843831568e-03
0.676 9.161624571662141392e-03
0.677 9.098511719933588537e-03
0.678 9.034976942733918825e-03
0.679 8.971006878671583529e-03
0.680 8.906587571977597761e-03
0.681 8.841704432439700945e-03
0.682 8.776342191816111082e-03
0.683 8.710484856365052764e-03
0.684 8.644115655030204515e-03
0.685 8.577216982797342126e-03
0.686 8.509770338639532916e-03
0.687 8.441756257411059394e-03
0.688 8.271562722065195494e-03
0.689 8.156239543416488047e-03
0.690 8.051216919865433752e-03
0.691 7.950962035935815742e-03
0.692 7.853404298054478261e-03
0.693 7.757487877807056620e-03
0.694 7.662579530998470112e-03
0.695 7.568257269082501182e-03
0.696 7.474217421437057141e-03
0.697 7.380227826962015847e-03
0.698 7.286101848924420032e-03
0.699 7.191682825170242488e-03
0.700 7.096834170999266611e-03
0.701 7.001432730091461387e-03
0.702 6.905364075740605401e-03
0.703 6.808519018739689344e-03
0.704 6.710790871913396849e-03
0.705 6.612073183901223672e-03
0.706 6.512257747384619933e-03
0.707 6.411232739809480385e-03
0.708 6.308880883438727771e-03
0.709 6.205077524337743178e-03
0.710 6.099688530353919447e-03
0.711 5.992567897493139562e-03
0.712 5.883554931096934837e-03
0.713 5.772470829301878936e-03
0.714 5.659114434632295243e-03
0.715 5.543256822869269129e-03
0.716 5.424634244954984474e-03
0.717 5.302938688427460967e-03
0.718 5.177804906170480059e-03
0.719 5.048792027375514913e-03
0.720 4.915356517242286394e-03
0.721 4.776810615221838141e-03
0.722 4.632254822728776311e-03
0.723 4.480460113306494740e-03
0.724 4.319641568936050113e-03
0.725 4.146958209544249208e-03
0.726 3.957128647886665185e-03
0.727 3.736298882434985202e-03
0.728 3.454722445691005284e-03
0.729 3.235620267217576007e-03
0.730 3.034226322760846806e-03
0.731 2.906950985174683311e-03
0.732 2.766284362880289116e-03
0.733 2.602787624862212823e-03
0.734 2.386530823763721720e-03
0.735 2.226246495903416722e-03
0.736 2.010623014443768675e-03
0.737 1.871117376296971280e-03
0.738 1.755476126820143534e-03
0.739 1.577435412470240550e-03
0.740 1.456159343804164230e-03
0.741 1.372690697402534354e-03
0.742 1.366168118870580983e-03
0.743 1.359656141271869956e-03
0.744 1.353153575301413447e-03
0.745 1.346659255270776789e-03
0.746 1.340172036328635130e-03
0.747 1.333690791811781295e-03
0.748 1.327214410710708670e-03
0.749 1.320741795228008719e-03
0.750 1.314271858417925820e-03
0.751 1.307803521890305021e-03
0.752 1.301335713566942331e-03
0.753 1.294867365472129883e-03
0.754 1.288397411551067684e-03
0.755 1.281924785496713071e-03
0.756 1.275448418577740384e-03
0.757 1.268967237452400809e-03
0.758 1.262480161953183355e-03
0.759 1.255986102836170737e-03
0.760 1.249483959473440819e-03
0.761 1.242972617478743658e-03
0.762 1.236450946252132255e-03
0.763 1.229917796424118137e-03
0.764 1.223371997183364535e-03
0.765 1.216812353472929153e-03
0.766 1.210237643028300170e-03
0.767 1.203646613239017782e-03
0.768 1.197037977809123355e-03
0.769 1.190410413186238081e-03
0.770 1.183762554730849459e-03
0.771 1.177092992590167420e-03
0.772 1.170400267238469461e-03
0.773 1.163682864638748704e-03
0.774 1.156939210974039511e-03
0.775 1.150167666895685059e-03
0.776 1.143366521217159537e-03
0.777 1.136533983981724560e-03
0.778 1.129668178812437418e-03
0.779 1.122767134448587889e-03
0.780 1.115828775343108425e-03
0.781 1.108850911187286847e-03
0.782 1.101831225200244901e-03
0.783 1.094767260984785828e-03
0.784 1.087656407732007224e-03
0.785 1.080495883493459708e-03
0.786 1.073282716202106357e-03
0.787 1.066013722050618284e-03
0.788 1.058685480751497821e-03
0.789 1.051294307105377079e-03
0.790 1.043836218172611296e-03
0.791 1.036306895178751297e-03
0.792 1.028701639072981955e-03
0.793 1.021015318392937132e-03
0.794 1.013242307727701963e-03
0.795 1.005376414619507663e-03
0.796 9.974107921175701108e-04
0.797 9.893378333788449552e-04
0.798 9.811490435879255401e-04
0.799 9.728348829161070910e-04
0.800 9.643845720844756997e-04
0.801 9.557858490311099686e-04
0.802 9.470246607401477945e-04
0.803 9.380847677841197552e-04
0.804 9.289472293023681715e-04
0.805 9.195897210211301243e-04
0.806 9.099856149856755394e-04
0.807 9.001027105891568070e-04
0.808 8.899014404076810436e-04
0.809 8.793322579482287793e-04
0.810 8.683316993051137800e-04
0.811 8.568161896796988586e-04
0.812 8.446717820681515221e-04
0.813 8.317359917902056310e-04
0.814 8.177627037906365359e-04
0.815 8.023456435855003122e-04
0.816 7.847181214727383392e-04
0.817 7.630331394352651841e-04
0.818 7.281367061935384299e-04
0.819 7.047173552713337230e-04
0.820 7.021392245308843982e-04
0.821 6.995633240677312514e-04
0.822 6.969895335446896212e-04
0.823 6.944177336565271474e-04
0.824 6.918478060770061333e-04
0.825 6.892796334073691966e-04
0.826 6.867130991257131001e-04
0.827 6.841480875368066705e-04
0.828 6.815844837250173427e-04
0.829 6.790221735050172569e-04
0.830 6.764610433752649143e-04
0.831 6.739009804717088770e-04
0.832 6.713418725222686234e-04
0.833 6.687836078022035835e-04
0.834 6.662260750894821726e-04
0.835 6.636691636207059375e-04
0.836 6.611127630485880147e-04
0.837 6.585567633987654546e-04
0.838 6.560010550267225682e-04
0.839 6.534455285768236976e-04
0.840 6.508900749401247410e-04
0.841 6.483345852127397890e-04
0.842 6.457789506545408287e-04
0.843 6.432230626483015357e-04
0.844 6.406668126585080003e-04
0.845 6.381100921910576318e-04
0.846 6.355527927517368170e-04
0.847 6.329948058055867577e-04
0.848 6.304360227370464642e-04
0.849 6.278763348077642803e-04
0.850 6.253156331161857651e-04
0.851 6.227538085565864634e-04
0.852 6.201907517774385425e-04
0.853 6.176263531399994733e-04
0.854 6.150605026763455996e-04
0.855 6.124930900471836637e-04
0.856 6.099240044993292642e-04
0.857 6.073531348226302029e-04
0.858 6.047803693064457420e-04
0.859 6.022055956956817724e-04
0.860 5.996287011468259820e-04
0.861 5.970495721816515555e-04
0.862 5.944680946420310974e-04
0.863 5.918841536443064655e-04
0.864 5.892976335294397572e-04
0.865 5.867084178182713217e-04
0.866 5.841163891593392776e-04
0.867 5.815214292809178787e-04
0.868 5.789234189392811203e-04
0.869 5.763222378666332801e-04
0.870 5.737177647183733242e-04
0.871 5.711098770183609119e-04
0.872 5.684984511028501331e-04
0.873 5.658833620646452900e-04
0.874 5.632644836934819210e-04
0.875 5.606416884166298686e-04
0.876 5.580148472373869240e-04
0.877 5.553838296716850920e-04
0.878 5.527485036831425447e-04
0.879 5.501087356163392172e-04
0.880 5.474643901279829805e-04
0.881 5.448153301153002559e-04
0.882 5.421614166440935634e-04
0.883 5.395025088728022666e-04
0.884 5.368384639740098052e-04
0.885 5.341691370553958151e-04
0.886 5.314943810753591791e-04
0.887 5.288140467578639203e-04
0.888 5.261279825029552271e-04
0.889 5.234360342954991197e-04
0.890 5.207380456092591814e-04
0.891 5.180338573074205755e-04
0.892 5.153233075406715713e-04
0.893 5.126062316412882680e-04
0.894 5.098824620114461581e-04
0.895 5.071518280088671560e-04
0.896 5.044141558266934666e-04
0.897 5.016692683705858968e-04
0.898 4.989169851274954937e-04
0.899 4.961571220325478038e-04
0.900 4.933894913279335270e-04
0.901 4.906139014158039657e-04
0.902 4.878301567063925148e-04
0.903 4.850380574585866356e-04
0.904 4.822373996125062234e-04
0.905 4.794279746158647271e-04
0.906 4.766095692415595053e-04
0.907 4.737819653979347123e-04
0.908 4.709449399282750193e-04
0.909 4.680982644019726635e-04
0.910 4.652417048963686241e-04
0.911 4.623750217651600991e-04
0.912 4.594979693990364211e-04
0.913 4.566102959712159404e-04
0.914 4.537117431715476101e-04
0.915 4.508020459262906954e-04
0.916 4.478809321043497604e-04
0.917 4.449481222058571106e-04
0.918 4.420033290367664236e-04
0.919 4.390462573625741882e-04
0.920 4.360766035464980206e-04
0.921 4.330940551641182523e-04
0.922 4.300982905992567495e-04
0.923 4.270889786133214017e-04
0.924 4.240657778924461496e-04
0.925 4.210283365668754385e-04
0.926 4.179762917011498047e-04
0.927 4.149092687539823743e-04
0.928 4.118268810040515149e-04
0.929 4.087287289415986180e-04
0.930 4.056143996191696743e-04
0.931 4.024834659623888200e-04
0.932 3.993354860349906943e-04
0.933 3.961700022554470735e-04
0.934 3.929865405604138218e-04
0.935 3.897846095112234011e-04
0.936 3.865636993388710252e-04
0.937 3.833232809202780089e-04
0.938 3.800628046832787987e-04
0.939 3.767816994292294552e-04
0.940 3.734793710709061187e-04
0.941 3.701552012735920272e-04
0.942 3.668085459928027703e-04
0.943 3.634387338979916393e-04
0.944 3.600450646702446633e-04
0.945 3.566268071643063919e-04
0.946 3.531831974179500122e-04
0.947 3.497134364941478779e-04
0.948 3.462166881406103514e-04
0.949 3.426920762439333856e-04
0.950 3.391386820587038997e-04
0.951 3.355555411845845271e-04
0.952 3.319416402659536303e-04
0.953 3.282959133767970883e-04
0.954 3.246172380604317453e-04
0.955 3.209044309764319536e-04
0.956 3.171562431111274449e-04
0.957 3.133713544929417338e-04
0.958 3.095483683506206063e-04
0.959 3.056858046422972208e-04
0.960 3.017820928670200686e-04
0.961 2.978355640610441668e-04
0.962 2.938444418638663791e-04
0.963 2.898068325164482317e-04
0.964 2.857207136327533092e-04
0.965 2.815839215550841601e-04
0.966 2.773941370687316166e-04
0.967 2.731488692087058467e-04
0.968 2.688454368352521939e-04
0.969 2.644809475965681500e-04
0.970 2.600522738015476065e-04
0.971 2.555560246410015779e-04
0.972 2.509885140474787946e-04
0.973 2.463457233353727460e-04
0.974 2.416232575421783935e-04
0.975 2.368162941223106444e-04
0.976 2.319195222945102941e-04
0.977 2.269270708700199535e-04
0.978 2.218324217716505231e-04
0.979 2.166283056201923074e-04
0.980 2.113065746172093640e-04
0.981 2.058580463943915362e-04
0.982 2.002723102817460799e-04
0.983 1.945374843226321815e-04
0.984 1.886399068079525065e-04
0.985 1.825637393906287542e-04
0.986 1.762904486818372973e-04
0.987 1.697981175233786999e-04
0.988 1.630605121191175400e-04
0.989 1.560457901337297670e-04
0.990 1.487146649375992169e-04
0.991 1.410177169708370926e-04
0.992 1.328913114438945442e-04
0.993 1.242511226615672371e-04
0.994 1.149812881106049289e-04
0.995 1.049149364530377326e-04
0.996 9.379584925039985421e-05
0.997 8.119253149696525895e-05
0.998 6.626326131731197222e-05
0.999 4.683393873994301515e-05
