0.600 8.849612018095531774e-03
0.601 8.725815535201686401e-03
0.602 8.582440960742010461e-03
0.603 8.367923008830713272e-03
0.604 8.215779972444270385e-03
0.605 8.140715420653976686e-03
0.606 8.048639160946335913e-03
0.607 7.963670588754134805e-03
0.608 7.891626145519303748e-03
0.609 7.802947065259635551e-03
0.610 7.748200332991950212e-03
0.611 7.676202461400216670e-03
0.612 7.645994649910003993e-03
0.613 7.615818811758656715e-03
0.614 7.585672249809105594e-03
0.615 7.555552319543301643e-03
0.616 7.525456425367282876e-03
0.617 7.495382017124074814e-03
0.618 7.465326586805764997e-03
0.619 7.435287665435774684e-03
0.620 7.405262820114444366e-03
0.621 7.375249651205728618e-03
0.622 7.345245789659449187e-03
0.623 7.315248894454895456e-03
0.624 7.285256650147675650e-03
0.625 7.255266764525369894e-03
0.626 7.225276966348559426e-03
0.627 7.195285003168905291e-03
0.628 7.165288639236710999e-03
0.629 7.135285653458667277e-03
0.630 7.105273837422432237e-03
0.631 7.075250993478832129e-03
0.632 7.045214932866694646e-03
0.633 7.015163473881869116e-03
0.634 6.985094440080108491e-03
0.635 6.955005658515034384e-03
0.636 6.924894958003968704e-03
0.637 6.894760167411417839e-03
0.638 6.864599113954761300e-03
0.639 6.834409621518267031e-03
0.640 6.804189508985425405e-03
0.641 6.773936588566065176e-03
0.642 6.743648664132018133e-03
0.643 6.713323529548231861e-03
0.644 6.682958966994223537e-03
0.645 6.652552745284090463e-03
0.646 6.622102618158987042e-03
0.647 6.591606322574383725e-03
0.648 6.561061576957682995e-03
0.649 6.530466079439967153e-03
0.650 6.499817506062099959e-03
0.651 6.469113508945856239e-03
0.652 6.438351714420198491e-03
0.653 6.407529721114024746e-03
0.654 6.376645097993183242e-03
0.655 6.345695382355520664e-03
0.656 6.314678077753432817e-03
0.657 6.283590651875003985e-03
0.658 6.252430534337105605e-03
0.659 6.221195114419764138e-03
0.660 6.189881738718705506e-03
0.661 6.158487708703086483e-03
0.662 6.127010278195843540e-03
0.663 6.095446650747460282e-03
0.664 6.063793976899822802e-03
0.665 6.032049351342827492e-03
0.666 6.000209809944867523e-03
0.667 5.968272326649759485e-03
0.668 5.936233810236557495e-03
0.669 5.904091100918718027e-03
0.670 5.871840966790164984e-03
0.671 5.839480100087168779e-03
0.672 5.807005113269148033e-03
0.673 5.774412534885309256e-03
0.674 5.741698805236672420e-03
0.675 5.708860271800064723e-03
0.676 5.675893184392433177e-03
0.677 5.642793690070702084e-03
0.678 5.609557827740419000e-03
0.679 5.576181522445877725e-03
0.680 5.542660579320957126e-03
0.681 5.508990677177805217e-03
0.682 5.475167361686628098e-03
0.683 5.441186038145362502e-03
0.684 5.407041963766068271e-03
0.685 5.372730239472933711e-03
0.686 5.338245801144281266e-03
0.687 5.303583410271484055e-03
0.688 5.268737643964294115e-03
0.689 5.233702884258839561e-03
0.690 5.198473306665007954e-03
0.691 5.163042867871281416e-03
0.692 5.127405292546849402e-03
0.693 5.091554059136749188e-03
0.694 5.055482384571430288e-03
0.695 5.019183207771615862e-03
0.696 4.982649171832553847e-03
0.697 4.945872604758982938e-03
0.698 4.908845498594605061e-03
0.699 4.871559486778198611e-03
0.700 4.834005819538411686e-03
0.701 4.796175337115182735e-03
0.702 4.758058440556212076e-03
0.703 4.719645059827692890e-03
0.704 4.680924618903792300e-03
0.705 4.641885997495154292e-03
0.706 4.602517489006419105e-03
0.707 4.562806754230597228e-03
0.708 4.522740770266153731e-03
0.709 4.482305774011874355e-03
0.710 4.441487199521421125e-03
0.711 4.377473877119286705e-03
0.712 4.298246605951572263e-03
0.713 4.234025352993664448e-03
0.714 4.173945834167858138e-03
0.715 4.115860907753954301e-03
0.716 4.058871957795529006e-03
0.717 4.002492647721456187e-03
0.718 3.946417946309455083e-03
0.719 3.890436117996776133e-03
0.720 3.834388355725693032e-03
0.721 3.778147791902886077e-03
0.722 3.721607510341784497e-03
0.723 3.664673152421138447e-03
0.724 3.607258032794824487e-03
0.725 3.549279690058027015e-03
0.726 3.490657275881825505e-03
0.727 3.431309426947692920e-03
0.728 3.371152390127529763e-03
0.729 3.310098237437886226e-03
0.730 3.248053038879983312e-03
0.731 3.184914870175248325e-03
0.732 3.120571523029136429e-03
0.733 3.054897757381769274e-03
0.734 2.987751882840838924e-03
0.735 2.918971368475409278e-03
0.736 2.848367033817522653e-03
0.737 2.775715125978295283e-03
0.738 2.700746152650368437e-03
0.739 2.623128538768670914e-03
0.740 2.542443602388422264e-03
0.741 2.458145011313583872e-03
0.742 2.369488053045598619e-03
0.743 2.275392934264375278e-03
0.744 2.174136578467433800e-03
0.745 2.062443989641504771e-03
0.746 1.930115260884046613e-03
0.747 1.784851972803536135e-03
0.748 1.608021276326865312e-03
0.749 1.524018894988543593e-03
0.750 1.420446485565607375e-03
0.751 1.318947186161656404e-03
0.752 1.214971264686282026e-03
0.753 1.126285219298472917e-03
0.754 1.027739305916486323e-03
0.755 9.139628099313901188e-04
0.756 8.128960748591262941e-04
0.757 6.938220853200949279e-04
0.758 6.903015639251330882e-04
0.759 6.867907421885810493e-04
0.760 6.832887999356218600e-04
0.761 6.797949422497895355e-04
0.762 6.763083969245631266e-04
0.763 6.728284120913752275e-04
0.764 6.693542540009422837e-04
0.765 6.658852049398200634e-04
0.766 6.624205612631994811e-04
0.767 6.589596315290657813e-04
0.768 6.555017347147362727e-04
0.769 6.520461985094483381e-04
0.770 6.485923576639018862e-04
0.771 6.451395523854319691e-04
0.772 6.416871267732604522e-04
0.773 6.382344272765072546e-04
0.774 6.347808011682998242e-04
0.775 6.313255950258778171e-04
0.776 6.278681532011498589e-04
0.777 6.244078162819244326e-04
0.778 6.209439195230537223e-04
0.779 6.174757912417172534e-04
0.780 6.140027511657430992e-04
0.781 6.105241087210888651e-04
0.782 6.070391612471581766e-04
0.783 6.035471921238544368e-04
0.784 6.000474688014900693e-04
0.785 5.965392407067948710e-04
0.786 5.930217370178070269e-04
0.787 5.894941642770046286e-04
0.788 5.859557038300211573e-04
0.789 5.824055090537516577e-04
0.790 5.788427023524223003e-04
0.791 5.752663718847639274e-04
0.792 5.716755679829876868e-04
0.793 5.680692992223734805e-04
0.794 5.644465280875143876e-04
0.795 5.608061661784846663e-04
0.796 5.571470688826574147e-04
0.797 5.534680294393412581e-04
0.798 5.497677722923199894e-04
0.799 5.460449456214933051e-04
0.800 5.422981129215020957e-04
0.801 5.385257434579182600e-04
0.802 5.347262014160358845e-04
0.803 5.308977335014564147e-04
0.804 5.270384547128026398e-04
0.805 5.231463319315121652e-04
0.806 5.192191649082689153e-04
0.807 5.152545641038397406e-04
0.808 5.112499247306168115e-04
0.809 5.072023961437688300e-04
0.810 5.031088455323962094e-04
0.811 4.989658145350128748e-04
0.812 4.947694670190960764e-04
0.813 4.905155257112214784e-04
0.814 4.861991946130128639e-04
0.815 4.818150630986339777e-04
0.816 4.773569861012960658e-04
0.817 4.728179326668469074e-04
0.818 4.681897920194577623e-04
0.819 4.634631215924001069e-04
0.820 4.586268142581229057e-04
0.821 4.536676506449177637e-04
0.822 4.485696839575670225e-04
0.823 4.433133736961858418e-04
0.824 4.378743303592447234e-04
0.825 4.322214336355267861e-04
0.826 4.263138935192145595e-04
0.827 4.200964231939607885e-04
0.828 4.134907884731919836e-04
0.829 4.063797253466283621e-04
0.830 3.985726080663054560e-04
0.831 3.897185671062342038e-04
0.832 3.790133536887285715e-04
0.833 3.632220771430105799e-04
0.834 3.474462783078502426e-04
0.835 3.460591944326463221e-04
0.836 3.446733862351170075e-04
0.837 3.432887783233473655e-04
0.838 3.419052959701129879e-04
0.839 3.405228650742442298e-04
0.840 3.391414121244329394e-04
0.841 3.377608641617069196e-04
0.842 3.363811487447909698e-04
0.843 3.350021939148017935e-04
0.844 3.336239281604980178e-04
0.845 3.322462803850845248e-04
0.846 3.308691798725726940e-04
0.847 3.294925562545847342e-04
0.848 3.281163394793784605e-04
0.849 3.267404597779854925e-04
0.850 3.253648476339021656e-04
0.851 3.239894337515591971e-04
0.852 3.226141490245693078e-04
0.853 3.212389245061952892e-04
0.854 3.198636913771535362e-04
0.855 3.184883809168592705e-04
0.856 3.171129244716741624e-04
0.857 3.157372534253743979e-04
0.858 3.143612991689526126e-04
0.859 3.129849930701977812e-04
0.860 3.116082664440522620e-04
0.861 3.102310505210814640e-04
0.862 3.088532764186080470e-04
0.863 3.074748751095146559e-04
0.864 3.060957773912686974e-04
0.865 3.047159138558352964e-04
0.866 3.033352148580359398e-04
0.867 3.019536104839071200e-04
0.868 3.005710305197251131e-04
0.869 2.991874044196984883e-04
0.870 2.978026612725503952e-04
0.871 2.964167297700992521e-04
0.872 2.950295381721756982e-04
0.873 2.936410142745371488e-04
0.874 2.922510853723414570e-04
0.875 2.908596782267292014e-04
0.876 2.894667190271871249e-04
0.877 2.880721333566871323e-04
0.878 2.866758461530505286e-04
0.879 2.852777816719775927e-04
0.880 2.838778634461913697e-04
0.881 2.824760142468019097e-04
0.882 2.810721560424500609e-04
0.883 2.796662099554536596e-04
0.884 2.782580962205072339e-04
0.885 2.768477341391628599e-04
0.886 2.754350420340889727e-04
0.887 2.740199372016638435e-04
0.888 2.726023358644580341e-04
0.889 2.711821531200531155e-04
0.890 2.697593028895273193e-04
0.891 2.683336978640538106e-04
0.892 2.669052494502777151e-04
0.893 2.654738677121404322e-04
0.894 2.640394613118157707e-04
0.895 2.626019374484256375e-04
0.896 2.611612017949793696e-04
0.897 2.597171584313162640e-04
0.898 2.582697097762709504e-04
0.899 2.568187565159529839e-04
0.900 2.553641975290288357e-04
0.901 2.539059298108936602e-04
0.902 2.524438483922919474e-04
0.903 2.509778462552736400e-04
0.904 2.495078142465967375e-04
0.905 2.480336409858008295e-04
0.906 2.465552127705050722e-04
0.907 2.450724134768211826e-04
0.908 2.435851244538822513e-04
0.909 2.420932244178164439e-04
0.910 2.405965893340633599e-04
0.911 2.390950923010226603e-04
0.912 2.375886034221563747e-04
0.913 2.360769896767589415e-04
0.914 2.345601147795139951e-04
0.915 2.330378390371645736e-04
0.916 2.315100191949692743e-04
0.917 2.299765082762750268e-04
0.918 2.284371554133191040e-04
0.919 2.268918056697044605e-04
0.920 2.253402998512177291e-04
0.921 2.237824743086536117e-04
0.922 2.222181607274276161e-04
0.923 2.206471859065306518e-04
0.924 2.190693715248270834e-04
0.925 2.174845338921427285e-04
0.926 2.158924836870301789e-04
0.927 2.142930256784358889e-04
0.928 2.126859584297147165e-04
0.929 2.110710739843257855e-04
0.930 2.094481575326545553e-04
0.931 2.078169870565194088e-04
0.932 2.061773329501415120e-04
0.933 2.045289576180220337e-04
0.934 2.028716150432874343e-04
0.935 2.012050503286122449e-04
0.936 1.995289992040572002e-04
0.937 1.978431875014896590e-04
0.938 1.961473305897021291e-04
0.939 1.944411327705619641e-04
0.940 1.927242866279765821e-04
0.941 1.909964723306734058e-04
0.942 1.892573568794686523e-04
0.943 1.875065932964714577e-04
0.944 1.857438197506722233e-04
0.945 1.839686586120325984e-04
0.946 1.821807154279708740e-04
0.947 1.803795778159145158e-04
0.948 1.785648142572648922e-04
0.949 1.767359727907757971e-04
0.950 1.748925795881373091e-04
0.951 1.730341373983312891e-04
0.952 1.711601238530979785e-04
0.953 1.692699896084226552e-04
0.954 1.673631563078314954e-04
0.955 1.654390143464024021e-04
0.956 1.634969204078462468e-04
0.957 1.615361947486793071e-04
0.958 1.595561181966242970e-04
0.959 1.575559288228278731e-04
0.960 1.555348182485927211e-04
0.961 1.534919275315571596e-04
0.962 1.514263425729245327e-04
0.963 1.493370889774636723e-04
0.964 1.472231262817924602e-04
0.965 1.450833414556873535e-04
0.966 1.429165415591793220e-04
0.967 1.407214454187677433e-04
0.968 1.384966741582172034e-04
0.969 1.362407403842080811e-04
0.970 1.339520357850343402e-04
0.971 1.316288168514700985e-04
0.972 1.292691883560959099e-04
0.973 1.268710841481057727e-04
0.974 1.244322447122581110e-04
0.975 1.219501907926412443e-04
0.976 1.194221922161675664e-04
0.977 1.168452307884759733e-04
0.978 1.142159558390476448e-04
0.979 1.115306305407015586e-04
0.980 1.087850665622003277e-04
0.981 1.059745437881343122e-04
0.982 1.030937107209251025e-04
0.983 1.001364595560882975e-04
0.984 9.709576759109328492e-05
0.985 9.396349317003505064e-05
0.986 9.073010914695256446e-05
0.987 8.738434877153533620e-05
0.988 8.391272603547328401e-05
0.989 8.029887140670322054e-05
0.990 7.652258790613597483e-05
0.991 7.255846861708992179e-05
0.992 6.837379753543704197e-05
0.993 6.392521966314124171e-05
0.994 5.915316373850121323e-05
0.995 5.397182898891905722e-05
0.996 4.824946972992183447e-05
0.997 4.176420534884872637e-05
0.998 3.408319234998735681e-05
0.999 2.408837830114585188e-05
