0.600 2.083785062758414242e-03
0.601 2.066323132096758997e-03
0.602 2.049435369893770620e-03
0.603 2.032281398591684329e-03
0.604 2.015644258744453410e-03
0.605 1.998869858416796319e-03
0.606 1.981947083580903879e-03
0.607 1.963249195689686921e-03
0.608 1.940688943343538142e-03
0.609 1.918955785873199815e-03
0.610 1.898220414283557922e-03
0.611 1.876754156489801595e-03
0.612 1.855918822860957995e-03
0.613 1.834056304892306422e-03
0.614 1.812193704695541641e-03
0.615 1.790017686586375945e-03
0.616 1.767868514866766105e-03
0.617 1.745460478812077554e-03
0.618 1.722650808744563555e-03
0.619 1.699299220124128595e-03
0.620 1.675231195940485307e-03
0.621 1.650191804850709154e-03
0.622 1.623733929897341888e-03
0.623 1.594208805040464583e-03
0.624 1.558784207159935598e-03
0.625 1.527694126521317308e-03
0.626 1.500689058525850328e-03
0.627 1.475747880571920412e-03
0.628 1.447718623957761075e-03
0.629 1.421766019452208596e-03
0.630 1.399217053411949685e-03
0.631 1.376963889350379944e-03
0.632 1.357856712016158873e-03
0.633 1.338281114480088796e-03
0.634 1.316468237450019174e-03
0.635 1.296884920946816955e-03
0.636 1.280642941398069112e-03
0.637 1.264867817406534201e-03
0.638 1.248762811710157905e-03
0.639 1.231755960631408797e-03
0.640 1.216313554818881926e-03
0.641 1.200641137389046875e-03
0.642 1.184693938745207120e-03
0.643 1.167881448712715375e-03
0.644 1.150548404649343048e-03
0.645 1.132139575996005121e-03
0.646 1.112677146042018173e-03
0.647 1.093234625954231376e-03
0.648 1.071761044866836876e-03
0.649 1.048974643350519820e-03
0.650 1.023036759628004333e-03
0.651 9.915913056279812565e-04
0.652 9.628873014840833022e-04
0.653 9.386969727191996071e-04
0.654 9.165417151755228531e-04
0.655 8.949542158768197808e-04
0.656 8.746501999441491648e-04
0.657 8.559795142362158771e-04
0.658 8.401693779134244977e-04
0.659 8.241146041774172204e-04
0.660 8.076915202801515647e-04
0.661 7.913561961389037336e-04
0.662 7.747672173324948730e-04
0.663 7.580853803937914748e-04
0.664 7.411474664402728507e-04
0.665 7.229970138039609751e-04
0.666 7.039356979668953684e-04
0.667 6.886760573855399414e-04
0.668 6.729681449532121107e-04
0.669 6.576629426016111779e-04
0.670 6.418988105417744450e-04
0.671 6.248288821837366669e-04
0.672 6.076899384570566554e-04
0.673 5.893123851165027460e-04
0.674 5.706626320488572546e-04
0.675 5.521359046086748990e-04
0.676 5.338189128883952250e-04
0.677 5.143992854405032844e-04
0.678 4.952397821494924912e-04
0.679 4.753968157951149465e-04
0.680 4.560012574946759045e-04
0.681 4.389606378162325129e-04
0.682 4.241400445519349915e-04
0.683 4.123579548787059679e-04
0.684 4.003527610088042366e-04
0.685 3.889284052301933414e-04
0.686 3.770894895117615775e-04
0.687 3.659385131328241059e-04
0.688 3.561231365658557024e-04
0.689 3.470803268681432741e-04
0.690 3.393300786584951823e-04
0.691 3.308469566808414086e-04
0.692 3.255043902572474224e-04
0.693 3.197623294928231275e-04
0.694 3.142694328546191684e-04
0.695 3.086670544918401760e-04
0.696 3.028136273588444283e-04
0.697 2.965582382669085248e-04
0.698 2.896145666633209714e-04
0.699 2.802509067201253146e-04
0.700 2.704549389881405475e-04
0.701 2.623890889296154327e-04
0.702 2.589542253105259206e-04
0.703 2.554660463370828083e-04
0.704 2.518746418816997235e-04
0.705 2.480463044117753313e-04
0.706 2.441408971276537443e-04
0.707 2.406805110078957810e-04
0.708 2.371094428589293202e-04
0.709 2.333981161000142635e-04
0.710 2.295047941601735531e-04
0.711 2.253643810966599048e-04
0.712 2.208558275880179167e-04
0.713 2.154886716333459518e-04
0.714 2.097273717381886726e-04
0.715 2.036570471923848658e-04
0.716 1.971828339905057348e-04
0.717 1.917777204092363519e-04
0.718 1.884135529423014432e-04
0.719 1.872294559690512727e-04
0.720 1.860469661528751928e-04
0.721 1.848655463170256752e-04
0.722 1.836846528425750691e-04
0.723 1.825037259920447852e-04
0.724 1.813221789536134665e-04
0.725 1.801393847351562272e-04
0.726 1.789546597964486452e-04
0.727 1.777672427291099311e-04
0.728 1.765762654066804771e-04
0.729 1.753807124554862540e-04
0.730 1.741793620997356129e-04
0.731 1.729706959864296678e-04
0.732 1.717527548672492799e-04
0.733 1.705228932608049419e-04
0.734 1.692773295717264759e-04
0.735 1.680102330565702573e-04
0.736 1.667115825809695195e-04
0.737 1.653608519025517865e-04
0.738 1.638977284614817620e-04
0.739 1.620816058913732149e-04
0.740 1.610381939610716628e-04
0.741 1.599944089457627783e-04
0.742 1.589500946805877390e-04
0.743 1.579050959462646730e-04
0.744 1.568592581611127912e-04
0.745 1.558124270970573377e-04
0.746 1.547644485956345406e-04
0.747 1.537151682948767473e-04
0.748 1.526644313624148097e-04
0.749 1.516120822337985174e-04
0.750 1.505579643500398745e-04
0.751 1.495019198973768226e-04
0.752 1.484437895504786553e-04
0.753 1.473834122011075110e-04
0.754 1.463206247042103669e-04
0.755 1.452552615951452353e-04
0.756 1.441871548161222094e-04
0.757 1.431161334360941950e-04
0.758 1.420420233460006898e-04
0.759 1.409646469606729013e-04
0.760 1.398838228958698693e-04
0.761 1.387993656369879147e-04
0.762 1.377110851925600343e-04
0.763 1.366187867221091423e-04
0.764 1.355222701540093055e-04
0.765 1.344213297711505106e-04
0.766 1.333157537783957736e-04
0.767 1.322053238408393838e-04
0.768 1.310898145860939223e-04
0.769 1.299689930819303285e-04
0.770 1.288426182617374849e-04
0.771 1.277104403262230292e-04
0.772 1.265722000806102088e-04
0.773 1.254276282308675050e-04
0.774 1.242764446179878135e-04
0.775 1.231183573900951345e-04
0.776 1.219530621016096106e-04
0.777 1.207802407298119718e-04
0.778 1.195995606095845432e-04
0.779 1.184106732575740395e-04
0.780 1.172132130929925964e-04
0.781 1.160067960298549750e-04
0.782 1.147910179201128145e-04
0.783 1.135654528424678844e-04
0.784 1.123296512104410283e-04
0.785 1.110831376615051269e-04
0.786 1.098254087161798509e-04
0.787 1.085559301770011587e-04
0.788 1.072741341934246861e-04
0.789 1.059794159882221365e-04
0.790 1.046711301666558569e-04
0.791 1.033485865372663071e-04
0.792 1.020110453885392232e-04
0.793 1.006577121042129264e-04
0.794 9.928773100997823065e-05
0.795 9.790017832356223693e-05
0.796 9.649405402401001197e-05
0.797 9.506827243566107200e-05
0.798 9.362165128190547136e-05
0.799 9.215289886321809121e-05
0.800 9.066059898854561538e-05
0.801 8.914319311748020169e-05
0.802 8.759895908039272427e-05
0.803 8.505998689189997464e-05
0.804 8.296681717545606460e-05
0.805 8.096112441990932496e-05
0.806 7.897636846165845270e-05
0.807 7.698696473601440715e-05
0.808 7.497829294378366427e-05
0.809 7.293982315681457607e-05
0.810 7.086264543798570514e-05
0.811 6.873829422371358078e-05
0.812 6.655802667487886737e-05
0.813 6.431224715275352111e-05
0.814 6.198992342387743548e-05
0.815 5.957787634880418182e-05
0.816 5.705980269210542133e-05
0.817 5.441480805667975318e-05
0.818 5.161503213502172116e-05
0.819 4.862148153439438403e-05
0.820 4.537592570619253252e-05
0.821 4.178256975229110992e-05
0.822 3.765390090149089986e-05
0.823 3.233821524994962004e-05
0.824 2.576037297541411419e-05
0.825 1.986963000344399433e-05
0.826 1.398560761378675465e-05
0.827 1.375218701227254314e-05
0.828 1.351092045087654014e-05
0.829 1.325995540990554389e-05
0.830 1.299673780152943436e-05
0.831 1.271754502085720162e-05
0.832 1.241652904038215155e-05
0.833 1.208343918657206473e-05
0.834 1.169673574774598990e-05
0.835 1.118966086488537570e-05
0.836 1.039572898176022164e-05
0.837 1.031844242960211488e-05
0.838 1.024144872985299770e-05
0.839 1.016471342740743466e-05
0.840 1.008820335823834569e-05
0.841 1.001188645910477959e-05
0.842 9.935731590138274782e-06
0.843 9.859708371195985421e-06
0.844 9.783787027428658689e-06
0.845 9.707938244729596988e-06
0.846 9.632133029513489930e-06
0.847 9.556342571714893097e-06
0.848 9.480538112005554297e-06
0.849 9.404690807790494489e-06
0.850 9.328771598093865691e-06
0.851 9.252751064448005991e-06
0.852 9.176599287230580160e-06
0.853 9.100285694896292910e-06
0.854 9.023778902994550322e-06
0.855 8.947046540752623400e-06
0.856 8.870055062559778492e-06
0.857 8.792769541909883912e-06
0.858 8.715153440808087737e-06
0.859 8.637168354086455224e-06
0.860 8.558773718858603274e-06
0.861 8.479926484672439813e-06
0.862 8.400580734369000879e-06
0.863 8.320687247875824255e-06
0.864 8.240192990283112806e-06
0.865 8.159040514210680328e-06
0.866 8.077167250819528022e-06
0.867 7.994504662267587491e-06
0.868 7.910977222858051050e-06
0.869 7.826501182917056099e-06
0.870 7.740983047122007576e-06
0.871 7.654317692007417406e-06
0.872 7.566386004187464209e-06
0.873 7.477051879090090836e-06
0.874 7.386158357824967879e-06
0.875 7.293522575002597819e-06
0.876 7.198929033891410256e-06
0.877 7.102120479385298779e-06
0.878 7.002785228471530843e-06
0.879 6.900539107901337843e-06
0.880 6.794898905093660346e-06
0.881 6.685241877080194683e-06
0.882 6.570741160838444728e-06
0.883 6.450256843426593889e-06
0.884 6.322138612402383728e-06
0.885 6.183832388151344617e-06
0.886 6.030982695692799211e-06
0.887 5.854905409607980005e-06
0.888 5.632036540137441705e-06
0.889 5.183205117442746257e-06
0.890 5.152088354831718675e-06
0.891 5.121012165210103717e-06
0.892 5.089972990313107459e-06
0.893 5.058967309845563420e-06
0.894 5.027991638817397302e-06
0.895 4.997042521881489563e-06
0.896 4.966116532556519303e-06
0.897 4.935210267786871441e-06
0.898 4.904320345722190666e-06
0.899 4.873443402053645457e-06
0.900 4.842576087016325914e-06
0.901 4.811715061836530083e-06
0.902 4.780856996289273297e-06
0.903 4.749998564479440688e-06
0.904 4.719136442732363435e-06
0.905 4.688267306263149692e-06
0.906 4.657387825512948609e-06
0.907 4.626494663595437373e-06
0.908 4.595584472855129832e-06
0.909 4.564653891536707420e-06
0.910 4.533699541342528505e-06
0.911 4.502718022658669383e-06
0.912 4.471705913000612043e-06
0.913 4.440659762350307460e-06
0.914 4.409576089936528831e-06
0.915 4.378451381237269402e-06
0.916 4.347282083538850372e-06
0.917 4.316064602827296426e-06
0.918 4.284795299236421329e-06
0.919 4.253470483606136554e-06
0.920 4.222086413596670695e-06
0.921 4.190639288248476646e-06
0.922 4.159125244540540223e-06
0.923 4.127540352505398857e-06
0.924 4.095880609678026474e-06
0.925 4.064141937432097507e-06
0.926 4.032320173985581846e-06
0.927 4.000411069404741227e-06
0.928 3.968410281163237130e-06
0.929 3.936313365260346586e-06
0.930 3.904115771780070077e-06
0.931 3.871812837230592663e-06
0.932 3.839399777105789724e-06
0.933 3.806871679001844200e-06
0.934 3.774223492736261676e-06
0.935 3.741450023797554536e-06
0.936 3.708545922131989414e-06
0.937 3.675505673372825299e-06
0.938 3.642323587960127895e-06
0.939 3.608993789816494768e-06
0.940 3.575510204245624379e-06
0.941 3.541866545275773603e-06
0.942 3.508056301670947619e-06
0.943 3.474072721276755260e-06
0.944 3.439908795810353581e-06
0.945 3.405557243207901763e-06
0.946 3.371010489194858906e-06
0.947 3.336260646191746559e-06
0.948 3.301299491442755141e-06
0.949 3.266118444367194229e-06
0.950 3.230708538803916952e-06
0.951 3.195060396143922787e-06
0.952 3.159164193911045970e-06
0.953 3.123009631122997121e-06
0.954 3.086585893319337970e-06
0.955 3.049881609706872609e-06
0.956 3.012884810194016438e-06
0.957 2.975582874986670845e-06
0.958 2.937962481075473420e-06
0.959 2.900009540840464695e-06
0.960 2.861709136547929688e-06
0.961 2.823045443967053814e-06
0.962 2.784001651212619777e-06
0.963 2.744559863709916669e-06
0.964 2.704701001499110191e-06
0.965 2.664404680108312107e-06
0.966 2.623649078326018014e-06
0.967 2.582410788098954413e-06
0.968 2.540664641115242262e-06
0.969 2.498383515514568387e-06
0.970 2.455538110068822277e-06
0.971 2.412096685722175948e-06
0.972 2.368024766719045715e-06
0.973 2.323284792882240879e-06
0.974 2.277835714048492832e-06
0.975 2.231632511118242235e-06
0.976 2.184625633505632436e-06
0.977 2.136760325455178133e-06
0.978 2.087975822240295543e-06
0.979 2.038204377496910524e-06
0.980 1.987370080280825846e-06
0.981 1.935387400786581225e-06
0.982 1.882159385568904497e-06
0.983 1.827575395796365854e-06
0.984 1.771508232772944780e-06
0.985 1.713810440895358056e-06
0.986 1.654309477738813428e-06
0.987 1.592801296856904969e-06
0.988 1.529041652736928825e-06
0.989 1.462734060320158846e-06
0.990 1.393512681469033510e-06
0.991 1.320917259461928950e-06
0.992 1.244355052221202129e-06
0.993 1.163040443397100887e-06
0.994 1.075893780955183843e-06
0.995 9.813597354746406154e-07
0.996 8.770496159327123564e-07
0.997 7.589395550899880050e-07
0.998 6.191778332276243191e-07
0.999 4.374774558169036709e-07
