0.600 4.037270187176811298e-03
0.601 3.991242159559815761e-03
0.602 3.942299957168438063e-03
0.603 3.892134372460165359e-03
0.604 3.841213456115433189e-03
0.605 3.788624792259831509e-03
0.606 3.733486305171673791e-03
0.607 3.673984458279822007e-03
0.608 3.598382102307340347e-03
0.609 3.525036735358422213e-03
0.610 3.455605631856539794e-03
0.611 3.396797199800127842e-03
0.612 3.344958421524157899e-03
0.613 3.292888764632517784e-03
0.614 3.244974348138529585e-03
0.615 3.199330831843982814e-03
0.616 3.153555613163327997e-03
0.617 3.104040385822681714e-03
0.618 3.051650569616981556e-03
0.619 2.993835360041607885e-03
0.620 2.935475283275423841e-03
0.621 2.879772574894801096e-03
0.622 2.825696257627519081e-03
0.623 2.778124046598162700e-03
0.624 2.730473974475122745e-03
0.625 2.687724888177922544e-03
0.626 2.644365203865794989e-03
0.627 2.602688149057397204e-03
0.628 2.560048922172430963e-03
0.629 2.516502654945074191e-03
0.630 2.473077792617961457e-03
0.631 2.431213624815686813e-03
0.632 2.387854942362599431e-03
0.633 2.342100118258860775e-03
0.634 2.290710442655163881e-03
0.635 2.243356337522373067e-03
0.636 2.198327595015481251e-03
0.637 2.148474050319926221e-03
0.638 2.100476228919290200e-03
0.639 2.053357511974884808e-03
0.640 2.012478486297930580e-03
0.641 1.969732118541678290e-03
0.642 1.925823140529248079e-03
0.643 1.876576796548068415e-03
0.644 1.830077459852530453e-03
0.645 1.787426620824872359e-03
0.646 1.738619909148142462e-03
0.647 1.692668658252571845e-03
0.648 1.639539773589326899e-03
0.649 1.589491555596955763e-03
0.650 1.539642278747033188e-03
0.651 1.488965227529837065e-03
0.652 1.449052884049062406e-03
0.653 1.413583440191046314e-03
0.654 1.369588127220544571e-03
0.655 1.333854430090264387e-03
0.656 1.294591557964075434e-03
0.657 1.254391638166652001e-03
0.658 1.226477057858721409e-03
0.659 1.198718258175857088e-03
0.660 1.168700409801992635e-03
0.661 1.134758920177669772e-03
0.662 1.087820219666357779e-03
0.663 1.049526198304118196e-03
0.664 1.011743247792407097e-03
0.665 9.798405437627666359e-04
0.666 9.514119839898471653e-04
0.667 9.355622640434546611e-04
0.668 9.239962222907793787e-04
0.669 9.106556229238060851e-04
0.670 9.004536801309193095e-04
0.671 8.900985979914954882e-04
0.672 8.795528818417164274e-04
0.673 8.687738498758257322e-04
0.674 8.577101412592380569e-04
0.675 8.462966368738555900e-04
0.676 8.344459890282651671e-04
0.677 8.220325130959826865e-04
0.678 8.088558283804170301e-04
0.679 7.945304803137487326e-04
0.680 7.775549535138370771e-04
0.681 7.587188332712768712e-04
0.682 7.428287030909475064e-04
0.683 7.247570339881104218e-04
0.684 7.117014219553130516e-04
0.685 6.957837382111087265e-04
0.686 6.815400038158170304e-04
0.687 6.727462258911964810e-04
0.688 6.689198023964726403e-04
0.689 6.650932394097752720e-04
0.690 6.612647654996584023e-04
0.691 6.574324934683906108e-04
0.692 6.535943779409914001e-04
0.693 6.497481614254896343e-04
0.694 6.458913035017888049e-04
0.695 6.420208849096109560e-04
0.696 6.381334734691934685e-04
0.697 6.342249301177771414e-04
0.698 6.302901174283226382e-04
0.699 6.263224415227197639e-04
0.700 6.223130922000663645e-04
0.701 6.182496937269243986e-04
0.702 6.141136856198103899e-04
0.703 6.098745674165684250e-04
0.704 6.054746523233012212e-04
0.705 6.007729162469388484e-04
0.706 5.949962503254413448e-04
0.707 5.904333626148838832e-04
0.708 5.871314511916025936e-04
0.709 5.838295796014580930e-04
0.710 5.805273391640275449e-04
0.711 5.772243251666031583e-04
0.712 5.739201361862900086e-04
0.713 5.706143734421909031e-04
0.714 5.673066401705728623e-04
0.715 5.639965410275671331e-04
0.716 5.606836815108540151e-04
0.717 5.573676673924499170e-04
0.718 5.540481041697020714e-04
0.719 5.507245965301610369e-04
0.720 5.473967478093477723e-04
0.721 5.440641594661732583e-04
0.722 5.407264305586911846e-04
0.723 5.373831572140774782e-04
0.724 5.340339321002751660e-04
0.725 5.306783438924211893e-04
0.726 5.273159767328339242e-04
0.727 5.239464096787882497e-04
0.728 5.205692161432962095e-04
0.729 5.171839633171249062e-04
0.730 5.137902115787129631e-04
0.731 5.103875138848801285e-04
0.732 5.069754151355576610e-04
0.733 5.035534515243078602e-04
0.734 5.001211498475433004e-04
0.735 4.966780268025328127e-04
0.736 4.932235882356694745e-04
0.737 4.897573283600964444e-04
0.738 4.862787289413583736e-04
0.739 4.827872584254322419e-04
0.740 4.792823710270122106e-04
0.741 4.757635057605069662e-04
0.742 4.722300854174132922e-04
0.743 4.686815154731904798e-04
0.744 4.651171829305189576e-04
0.745 4.615364550797362853e-04
0.746 4.579386781787819771e-04
0.747 4.543231760384403017e-04
0.748 4.506892485033331397e-04
0.749 4.470361698292180108e-04
0.750 4.433631869275034276e-04
0.751 4.396695174714304599e-04
0.752 4.359543478658078897e-04
0.753 4.322168310338936337e-04
0.754 4.284560840311923968e-04
0.755 4.246711854491991289e-04
0.756 4.208611725915467616e-04
0.757 4.170250384035734115e-04
0.758 4.131617281084576376e-04
0.759 4.092701355402628138e-04
0.760 4.053490991134944821e-04
0.761 4.013973973999718226e-04
0.762 3.974137442646075158e-04
0.763 3.933967834829354970e-04
0.764 3.893450828059696889e-04
0.765 3.852571273638139004e-04
0.766 3.811313123445181361e-04
0.767 3.769659348258347364e-04
0.768 3.727591846511835172e-04
0.769 3.685091341935065046e-04
0.770 3.642137268564660246e-04
0.771 3.598707640894982518e-04
0.772 3.554778906982303255e-04
0.773 3.510325781532763756e-04
0.774 3.465321055502457170e-04
0.775 3.419735378112909174e-04
0.776 3.373537006159388341e-04
0.777 3.326691514339286115e-04
0.778 3.279161458973334220e-04
0.779 3.211740947121066725e-04
0.780 3.136888182031505323e-04
0.781 3.071126139768676211e-04
0.782 3.007656612178388755e-04
0.783 2.944966640305857197e-04
0.784 2.882377511789213642e-04
0.785 2.819487060465863948e-04
0.786 2.756010775664119450e-04
0.787 2.691719337843956339e-04
0.788 2.626408401052993113e-04
0.789 2.559881195289825939e-04
0.790 2.491936589944510061e-04
0.791 2.422359252866046475e-04
0.792 2.350909986158500331e-04
0.793 2.277314771084171241e-04
0.794 2.201250965934153925e-04
0.795 2.122328530155259685e-04
0.796 2.040062871664360955e-04
0.797 1.953833275990524143e-04
0.798 1.862815188689026513e-04
0.799 1.765861179516825530e-04
0.800 1.661268987140918085e-04
0.801 1.546253932449559443e-04
0.802 1.415374200890440193e-04
0.803 1.250546482924885794e-04
0.804 1.064890117603578545e-04
0.805 8.857532443040661008e-05
0.806 7.247281851119335983e-05
0.807 5.630954517243935697e-05
0.808 5.378804418831872880e-05
0.809 5.284427209173436779e-05
0.810 5.185245477212774290e-05
0.811 5.079816437314477184e-05
0.812 4.965864400818809088e-05
0.813 4.839381451582358551e-05
0.814 4.691883907470550952e-05
0.815 4.496595807956804691e-05
0.816 4.199121244619075100e-05
0.817 4.171237871608557413e-05
0.818 4.143450620897048964e-05
0.819 4.115749285937830848e-05
0.820 4.088124020429351191e-05
0.821 4.060565290786577464e-05
0.822 4.033063832431516005e-05
0.823 4.005610608825982411e-05
0.824 3.978196773302133948e-05
0.825 3.950813632946914566e-05
0.826 3.923452614151834439e-05
0.827 3.896105229217461385e-05
0.828 3.868763044068135315e-05
0.829 3.841417646222033966e-05
0.830 3.814060613316350157e-05
0.831 3.786683481010744146e-05
0.832 3.759277710513320159e-05
0.833 3.731834655451571336e-05
0.834 3.704345527189012444e-05
0.835 3.676801358543091425e-05
0.836 3.649192965426983903e-05
0.837 3.621510905837954652e-05
0.838 3.593745435637174523e-05
0.839 3.565886460499267940e-05
0.840 3.537923483432070526e-05
0.841 3.509845546556533691e-05
0.842 3.481641166735993664e-05
0.843 3.453298263511594968e-05
0.844 3.424804077778453859e-05
0.845 3.396145079770374053e-05
0.846 3.367306864254793197e-05
0.847 3.338274029929255704e-05
0.848 3.309030040543614604e-05
0.849 3.279557063295968078e-05
0.850 3.249835779661758295e-05
0.851 3.219845162993895116e-05
0.852 3.189562213978813787e-05
0.853 3.158961645377544869e-05
0.854 3.128015500863945419e-05
0.855 3.096692693060898449e-05
0.856 3.064958435505804601e-05
0.857 3.032773539257682671e-05
0.858 3.000093531180247908e-05
0.859 2.966867535125761179e-05
0.860 2.933036832875046684e-05
0.861 2.898532985162738385e-05
0.862 2.863275335895920648e-05
0.863 2.827167631536120496e-05
0.864 2.790093340510058084e-05
0.865 2.751909001574848190e-05
0.866 2.712434482154968407e-05
0.867 2.671438186374608392e-05
0.868 2.628613589472639234e-05
0.869 2.583539933342926531e-05
0.870 2.535611656062641828e-05
0.871 2.483899434102543324e-05
0.872 2.426838699820521583e-05
0.873 2.361377892257099376e-05
0.874 2.279635071766872301e-05
0.875 2.098553689522386634e-05
0.876 2.087374881198922338e-05
0.877 2.076209499157766203e-05
0.878 2.065056415145871682e-05
0.879 2.053914611799267931e-05
0.880 2.042783081390719957e-05
0.881 2.031660825019265815e-05
0.882 2.020546851777549335e-05
0.883 2.009440178052379622e-05
0.884 1.998339826625450399e-05
0.885 1.987244826007206200e-05
0.886 1.976154209581970633e-05
0.887 1.965067014964017034e-05
0.888 1.953982283242616802e-05
0.889 1.942899058204883289e-05
0.890 1.931816385647433520e-05
0.891 1.920733312688049921e-05
0.892 1.909648886999626427e-05
0.893 1.898562156055216832e-05
0.894 1.887472166595127732e-05
0.895 1.876377963705433416e-05
0.896 1.865278590185148744e-05
0.897 1.854173085813481947e-05
0.898 1.843060486617087435e-05
0.899 1.831939824181727516e-05
0.900 1.820810124741889524e-05
0.901 1.809670408625674298e-05
0.902 1.798519689322208848e-05
0.903 1.787356972760001383e-05
0.904 1.776181256496478511e-05
0.905 1.764991528896420192e-05
0.906 1.753786768232679094e-05
0.907 1.742565941920126704e-05
0.908 1.731328005527554836e-05
0.909 1.720071901878394982e-05
0.910 1.708796560184744351e-05
0.911 1.697500894937142846e-05
0.912 1.686183804960883492e-05
0.913 1.674844172394607256e-05
0.914 1.663480861535671096e-05
0.915 1.652092717729924942e-05
0.916 1.640678566194875287e-05
0.917 1.629237210776235401e-05
0.918 1.617767432671168848e-05
0.919 1.606267989084919634e-05
0.920 1.594737611776420039e-05
0.921 1.583175005659409607e-05
0.922 1.571578847225918452e-05
0.923 1.559947782869830490e-05
0.924 1.548280427188242214e-05
0.925 1.536575361238412540e-05
0.926 1.524831130594872519e-05
0.927 1.513046243295512738e-05
0.928 1.501219167754364037e-05
0.929 1.489348330563355916e-05
0.930 1.477432114016519193e-05
0.931 1.465468853656393122e-05
0.932 1.453456835487365595e-05
0.933 1.441394293244524505e-05
0.934 1.429279405296135508e-05
0.935 1.417110291324075177e-05
0.936 1.404885009059775314e-05
0.937 1.392601550365135665e-05
0.938 1.380257837424458955e-05
0.939 1.367851718414581086e-05
0.940 1.355380963086183499e-05
0.941 1.342843257756687336e-05
0.942 1.330236200103307453e-05
0.943 1.317557293556426146e-05
0.944 1.304803941137855361e-05
0.945 1.291973438921623085e-05
0.946 1.279062968939648215e-05
0.947 1.266069591410179385e-05
0.948 1.252990236433326743e-05
0.949 1.239821694876130920e-05
0.950 1.226560608491578108e-05
0.951 1.213203459216050106e-05
0.952 1.199746557234426803e-05
0.953 1.186186028312441465e-05
0.954 1.172517799508110414e-05
0.955 1.158737583817348593e-05
0.956 1.144840863032126066e-05
0.957 1.130822868966596673e-05
0.958 1.116678562662620777e-05
0.959 1.102402611363739737e-05
0.960 1.087989362946739647e-05
0.961 1.073432817499941905e-05
0.962 1.058726595393189029e-05
0.963 1.043863901917241321e-05
0.964 1.028837487182521215e-05
0.965 1.013639601210591934e-05
0.966 9.982619431414541111e-06
0.967 9.826956036240730441e-06
0.968 9.669309992577090895e-06
0.969 9.509577978294991851e-06
0.970 9.347648325053192764e-06
0.971 9.183400029533217435e-06
0.972 9.016701610908839370e-06
0.973 8.847409781131965190e-06
0.974 8.675367893284935406e-06
0.975 8.500404114708537406e-06
0.976 8.322329269616624003e-06
0.977 8.140934272149458195e-06
0.978 7.955987047281176672e-06
0.979 7.767228816901727839e-06
0.980 7.574369574880890355e-06
0.981 7.377082529624878759e-06
0.982 7.174997208592159836e-06
0.983 6.967690808101778543e-06
0.984 6.754677211673332238e-06
0.985 6.535392860107513968e-06
0.986 6.309178292029926638e-06
0.987 6.075253617732201405e-06
0.988 5.832685296747186499e-06
0.989 5.580340123989557810e-06
0.990 5.316819838840913803e-06
0.991 5.040365346209441100e-06
0.992 4.748711274649153324e-06
0.993 4.438855241817307729e-06
0.994 4.106671368075964779e-06
0.995 3.746216332367602320e-06
0.996 3.348362932587001239e-06
0.997 2.897737096385633038e-06
0.998 2.364342068683633613e-06
0.999 1.670680473853103365e-06
