0.600 7.370596374227211811e-03
0.601 7.253700606897339753e-03
0.602 7.154808069551932270e-03
0.603 7.053202333620278708e-03
0.604 6.948382915411110972e-03
0.605 6.839678305918917012e-03
0.606 6.726123910429038233e-03
0.607 6.606180390600457919e-03
0.608 6.476859857525330000e-03
0.609 6.326731586024481047e-03
0.610 6.158543649044334600e-03
0.611 6.030423447418220562e-03
0.612 5.892276741623625469e-03
0.613 5.746017822668814112e-03
0.614 5.598779668254172392e-03
0.615 5.485112343310838412e-03
0.616 5.350811363116325658e-03
0.617 5.226597722837622584e-03
0.618 5.116941053444179488e-03
0.619 5.049665805519021333e-03
0.620 4.977065140066239124e-03
0.621 4.896035341293902832e-03
0.622 4.794938924232550193e-03
0.623 4.672005334917961328e-03
0.624 4.607137911231351524e-03
0.625 4.532114349083293803e-03
0.626 4.466663965198125474e-03
0.627 4.403484338011187660e-03
0.628 4.363684292449265811e-03
0.629 4.341421045991666894e-03
0.630 4.318967629673098330e-03
0.631 4.296279881862097305e-03
0.632 4.273299221959403482e-03
0.633 4.249944471421795988e-03
0.634 4.226096584268090872e-03
0.635 4.201566909242449022e-03
0.636 4.176020081723685884e-03
0.637 4.148732344530170479e-03
0.638 4.117285336358134096e-03
0.639 4.079805798061331146e-03
0.640 4.062191170647766469e-03
0.641 4.044591988696888407e-03
0.642 4.027006537154376176e-03
0.643 4.009433132440509695e-03
0.644 3.991870119895990499e-03
0.645 3.974315871372868791e-03
0.646 3.956768782963693276e-03
0.647 3.939227272856560269e-03
0.648 3.921689779293857647e-03
0.649 3.904154758634148514e-03
0.650 3.886620683504760088e-03
0.651 3.869086041029645706e-03
0.652 3.851549331130299514e-03
0.653 3.834009064897947461e-03
0.654 3.816463763008703935e-03
0.655 3.798911954205119734e-03
0.656 3.781352173810925699e-03
0.657 3.763782962291295497e-03
0.658 3.746202863844527720e-03
0.659 3.728610425021927632e-03
0.660 3.711004193377220872e-03
0.661 3.693382716128956744e-03
0.662 3.675744538843783715e-03
0.663 3.658088204131160204e-03
0.664 3.640412250342728306e-03
0.665 3.622715210280014198e-03
0.666 3.604995609899019904e-03
0.667 3.587251967016480414e-03
0.668 3.569482790004574468e-03
0.669 3.551686576478085833e-03
0.670 3.533861811966021449e-03
0.671 3.516006968570795088e-03
0.672 3.498120503597546005e-03
0.673 3.480200858170023892e-03
0.674 3.462246455807949097e-03
0.675 3.444255700979281798e-03
0.676 3.426226977613744396e-03
0.677 3.408158647576375877e-03
0.678 3.390049049094123745e-03
0.679 3.371896495140358496e-03
0.680 3.353699271755772315e-03
0.681 3.335455636322426365e-03
0.682 3.317163815762302903e-03
0.683 3.298822004675350250e-03
0.684 3.280428363398812941e-03
0.685 3.261981015986070709e-03
0.686 3.243478048093328958e-03
0.687 3.224917504780488997e-03
0.688 3.206297388199996767e-03
0.689 3.187615655179110163e-03
0.690 3.168870214683705555e-03
0.691 3.150058925147969369e-03
0.692 3.131179591670751883e-03
0.693 3.112229963057044912e-03
0.694 3.093207728699032266e-03
0.695 3.074110515280059630e-03
0.696 3.054935883290643694e-03
0.697 3.035681323337313664e-03
0.698 3.016344252232849854e-03
0.699 2.996922008842051177e-03
0.700 2.977411849667821464e-03
0.701 2.957810944158700828e-03
0.702 2.938116369704424358e-03
0.703 2.918325106302743777e-03
0.704 2.898434030859320387e-03
0.705 2.878439911095265202e-03
0.706 2.858339399025466854e-03
0.707 2.838129023965185738e-03
0.708 2.817805185022059788e-03
0.709 2.797364143031444428e-03
0.710 2.776802011863810371e-03
0.711 2.756114749074001224e-03
0.712 2.735298145789211155e-03
0.713 2.714347815790385532e-03
0.714 2.693259183684681979e-03
0.715 2.672027472082283417e-03
0.716 2.650647687674534403e-03
0.717 2.629114606075511062e-03
0.718 2.607422755317667651e-03
0.719 2.585566397822702811e-03
0.720 2.563539510683110478e-03
0.721 2.541335764062568892e-03
0.722 2.518948497467476955e-03
0.723 2.496370693639282656e-03
0.724 2.473594949770174800e-03
0.725 2.450613445679650226e-03
0.726 2.427417908567264249e-03
0.727 2.403999573851067773e-03
0.728 2.380349141572368765e-03
0.729 2.356456727703903908e-03
0.730 2.332311809629006305e-03
0.731 2.307903164886271341e-03
0.732 2.259569827973706424e-03
0.733 2.220613414923855444e-03
0.734 2.185167885936922794e-03
0.735 2.151106597814700372e-03
0.736 2.117727122256329864e-03
0.737 2.084685134792985117e-03
0.738 2.051775470085281938e-03
0.739 2.018859308595688518e-03
0.740 1.985833390895530570e-03
0.741 1.952614840191713164e-03
0.742 1.919132784735988473e-03
0.743 1.885323279873007962e-03
0.744 1.851125950407372933e-03
0.745 1.816481564388960912e-03
0.746 1.781330105852574341e-03
0.747 1.745609084360610908e-03
0.748 1.709251900987918127e-03
0.749 1.672186124763719306e-03
0.750 1.634331537525568478e-03
0.751 1.595597783407010084e-03
0.752 1.555881408108583663e-03
0.753 1.515061979735721209e-03
0.754 1.472996819049332551e-03
0.755 1.429513574831564604e-03
0.756 1.384399336707198280e-03
0.757 1.337383904541300517e-03
0.758 1.288112537247254608e-03
0.759 1.236098044896105641e-03
0.760 1.180627083350316298e-03
0.761 1.120544328278016977e-03
0.762 1.053584293709830533e-03
0.763 9.710096711416094095e-04
0.764 8.820798244709715519e-04
0.765 7.898454675483446152e-04
0.766 7.258740596598478589e-04
0.767 6.678078449003921335e-04
0.768 6.078724649739575270e-04
0.769 5.427463112218644525e-04
0.770 4.809600758783894037e-04
0.771 4.129966090133940781e-04
0.772 3.914870768133571488e-04
0.773 3.807486717032348977e-04
0.774 3.666742301000613935e-04
0.775 3.432850065695491892e-04
0.776 3.414101176233419466e-04
0.777 3.395407078434775627e-04
0.778 3.376762848718017906e-04
0.779 3.358163720326157176e-04
0.780 3.339605066308148906e-04
0.781 3.321082383738183097e-04
0.782 3.302591278971922506e-04
0.783 3.284127453800911312e-04
0.784 3.265686692407454572e-04
0.785 3.247264848929010128e-04
0.786 3.228857835602116921e-04
0.787 3.210461611347081856e-04
0.788 3.192072170682402898e-04
0.789 3.173685532925629715e-04
0.790 3.155297731576300890e-04
0.791 3.136904803764384297e-04
0.792 3.118502779765330857e-04
0.793 3.100087672407436656e-04
0.794 3.081655466380395225e-04
0.795 3.063202107271845165e-04
0.796 3.044723490337464256e-04
0.797 3.026215448832525468e-04
0.798 3.007673741858285510e-04
0.799 2.989094041596640494e-04
0.800 2.970471919835349084e-04
0.801 2.951802833598415887e-04
0.802 2.933082109837226170e-04
0.803 2.914304928932631711e-04
0.804 2.895466306858107686e-04
0.805 2.876561075824124458e-04
0.806 2.857583863116186507e-04
0.807 2.838529067903383662e-04
0.808 2.819390835655521954e-04
0.809 2.800163029853530716e-04
0.810 2.780839200500206942e-04
0.811 2.761412548986097448e-04
0.812 2.741875888665479266e-04
0.813 2.722221600445218215e-04
0.814 2.702441582551617927e-04
0.815 2.682527193403894117e-04
0.816 2.662469186420768352e-04
0.817 2.642257635165901064e-04
0.818 2.621881847085782979e-04
0.819 2.601330263465317927e-04
0.820 2.580590342835531459e-04
0.821 2.559648424286242729e-04
0.822 2.538489566200619052e-04
0.823 2.517097354747255267e-04
0.824 2.495453674857817106e-04
0.825 2.473538434194511026e-04
0.826 2.451329227742826689e-04
0.827 2.428800926533858373e-04
0.828 2.405925168365019573e-04
0.829 2.382669720326635598e-04
0.830 2.358997671263463047e-04
0.831 2.334866395125034799e-04
0.832 2.310226200393783458e-04
0.833 2.285018540819638844e-04
0.834 2.259173599606922878e-04
0.835 2.232606956035221302e-04
0.836 2.205214868841176568e-04
0.837 2.176867402670090712e-04
0.838 2.147398053822247022e-04
0.839 2.116587413750758984e-04
0.840 2.084136057566299272e-04
0.841 2.049616445567448153e-04
0.842 2.012379736264779950e-04
0.843 1.971351727363401807e-04
0.844 1.924495396867786923e-04
0.845 1.866854210118562563e-04
0.846 1.772564137378918048e-04
0.847 1.715218713027599762e-04
0.848 1.707789816242089032e-04
0.849 1.700368046048117421e-04
0.850 1.692952937804026448e-04
0.851 1.685544031018171296e-04
0.852 1.678140869082467290e-04
0.853 1.670742999022589714e-04
0.854 1.663349971224858947e-04
0.855 1.655961339207534522e-04
0.856 1.648576659356582041e-04
0.857 1.641195490698077464e-04
0.858 1.633817394653958033e-04
0.859 1.626441934814426560e-04
0.860 1.619068676694812581e-04
0.861 1.611697187524629982e-04
0.862 1.604327036009989271e-04
0.863 1.596957792114883645e-04
0.864 1.589589026835813712e-04
0.865 1.582220311983073557e-04
0.866 1.574851219967587923e-04
0.867 1.567481323572206264e-04
0.868 1.560110195744091044e-04
0.869 1.552737409367122012e-04
0.870 1.545362537054284502e-04
0.871 1.537985150922294153e-04
0.872 1.530604822377323870e-04
0.873 1.523221121890738772e-04
0.874 1.515833618783712922e-04
0.875 1.508441880998523388e-04
0.876 1.501045474884277198e-04
0.877 1.493643964954882719e-04
0.878 1.486236913671445947e-04
0.879 1.478823881206903224e-04
0.880 1.471404425207323285e-04
0.881 1.463978100557650208e-04
0.882 1.456544459135233893e-04
0.883 1.449103049557809442e-04
0.884 1.441653416944799204e-04
0.885 1.434195102640867248e-04
0.886 1.426727643967229398e-04
0.887 1.419250573950758820e-04
0.888 1.411763421036438260e-04
0.889 1.404265708824237180e-04
0.890 1.396756955752698204e-04
0.891 1.389236674830263141e-04
0.892 1.381704373304426525e-04
0.893 1.374159552359754954e-04
0.894 1.366601706787040627e-04
0.895 1.359030324643573095e-04
0.896 1.351444886917851917e-04
0.897 1.343844867157661938e-04
0.898 1.336229731110361030e-04
0.899 1.328598936328750924e-04
0.900 1.320951931778058253e-04
0.901 1.313288157420711144e-04
0.902 1.305607043787793131e-04
0.903 1.297908011539394835e-04
0.904 1.290190470981666948e-04
0.905 1.282453821603857236e-04
0.906 1.274697451564277273e-04
0.907 1.266920737167387401e-04
0.908 1.259123042316456775e-04
0.909 1.251303717934026949e-04
0.910 1.243462101377934559e-04
0.911 1.235597515804043312e-04
0.912 1.227709269507881729e-04
0.913 1.219796655250737771e-04
0.914 1.211858949526911644e-04
0.915 1.203895411812094807e-04
0.916 1.195905283769560512e-04
0.917 1.187887788417496537e-04
0.918 1.179842129246377880e-04
0.919 1.171767489293040754e-04
0.920 1.163663030173678337e-04
0.921 1.155527891051333356e-04
0.922 1.147361187555651085e-04
0.923 1.139162010627137178e-04
0.924 1.130929425319227022e-04
0.925 1.122662469510427030e-04
0.926 1.114360152548732330e-04
0.927 1.106021453816108391e-04
0.928 1.097645321198603696e-04
0.929 1.089230669472085467e-04
0.930 1.080776378576953078e-04
0.931 1.072281291791821189e-04
0.932 1.063744213778416992e-04
0.933 1.055163908512124493e-04
0.934 1.046539097061538470e-04
0.935 1.037868455220358754e-04
0.936 1.029150610978302183e-04
0.937 1.020384141815489087e-04
0.938 1.011567571803650978e-04
0.939 1.002699368489734510e-04
0.940 9.937779395519097392e-05
0.941 9.848016292246519754e-05
0.942 9.757687144129612022e-05
0.943 9.666774005334666242e-05
0.944 9.575258170257949786e-05
0.945 9.483120124831323494e-05
0.946 9.390339493930977000e-05
0.947 9.296894984545112095e-05
0.948 9.202764323712475658e-05
0.949 9.107924191487093424e-05
0.950 9.012350147685754820e-05
0.951 8.916016552062977496e-05
0.952 8.818896477202908812e-05
0.953 8.720961613029043491e-05
0.954 8.622182162276725848e-05
0.955 8.522526725607271203e-05
0.956 8.421962175053643307e-05
0.957 8.320453514654158056e-05
0.958 8.217963726175891992e-05
0.959 8.114453598273563273e-05
0.960 8.009881536785723455e-05
0.961 7.904203353414906985e-05
0.962 7.797372029938465232e-05
0.963 7.689337454130917848e-05
0.964 7.580046123478734188e-05
0.965 7.469440811225247501e-05
0.966 7.357460189372222459e-05
0.967 7.244038401199581756e-05
0.968 7.129104574876699019e-05
0.969 7.012582268017819587e-05
0.970 6.894388830847031358e-05
0.971 6.774434672718321337e-05
0.972 6.652622413561015691e-05
0.973 6.528845897657564734e-05
0.974 6.402989040688034095e-05
0.975 6.274924475335730278e-05
0.976 6.144511949535136353e-05
0.977 6.011596420962828091e-05
0.978 5.876005773353121242e-05
0.979 5.737548059214780949e-05
0.980 5.596008142982888955e-05
0.981 5.451143577339667701e-05
0.982 5.302679486762773564e-05
0.983 5.150302150203067697e-05
0.984 4.993650854046016718e-05
0.985 4.832307409408098664e-05
0.986 4.665782459378764457e-05
0.987 4.493497286595093954e-05
0.988 4.314759171397675175e-05
0.989 4.128727264285370069e-05
0.990 3.934364090374398160e-05
0.991 3.730364519893836217e-05
0.992 3.515047916402558315e-05
0.993 3.286187046636079856e-05
0.994 3.040721515845667966e-05
0.995 2.774243268033327325e-05
0.996 2.479983550951470050e-05
0.997 2.146542255698768997e-05
0.998 1.751679156547503169e-05
0.999 1.237944140741742416e-05
