5 1
8 1
12 2
13 1
17 1
21 2
24 2
28 2
29 1
33 2
37 1
40 1
41 1
44 2
53 1
56 2
57 2
60 2
61 1
65 1
69 2
73 1
76 2
77 2
85 1
88 2
89 1
92 2
93 2
97 1
101 1
104 1
105 2
109 1
113 1
120 2
124 2
129 2
133 2
136 2
137 1
140 2
141 2
145 1
149 1
152 2
156 2
157 1
161 2
165 2
168 2
172 2
173 1
177 2
181 1
184 2
185 1
188 2
193 1
197 1
201 2
204 2
205 2
209 2
213 2
217 2
220 2
221 2
229 1
232 1
233 1
236 2
237 2
241 1
248 2
249 2
253 2
257 1
264 2
265 1
268 2
269 1
273 2
277 1
280 2
281 1
284 2
285 2
293 1
296 1
301 2
305 2
309 2
312 2
313 1
316 2
317 1
321 2
328 1
329 2
332 2
337 1
341 2
344 2
345 2
348 2
349 1
353 1
357 2
364 2
365 1
373 1
376 2
377 2
380 2
381 2
385 2
389 1
393 2
397 1
401 1
408 2
409 1
412 2
413 2
417 2
421 1
424 1
428 2
429 2
433 1
437 2
440 2
444 2
445 1
449 1
453 2
456 2
457 1
460 2
461 1
465 2
469 2
472 2
473 2
476 2
481 1
485 1
488 1
489 2
492 2
493 1
497 2
501 2
505 2
508 2
509 1
517 2
520 1
521 1
524 2
533 1
536 2
537 2
541 1
545 2
552 2
553 2
556 2
557 1
561 2
565 1
568 2
569 1
572 2
573 2
577 1
581 2
584 2
589 2
593 1
597 2
601 1
604 2
609 2
613 1
616 2
617 1
620 2
629 1
632 2
633 2
636 2
641 1
645 2
649 2
652 2
653 1
661 1
664 2
665 2
668 2
669 2
673 1
677 1
680 1
681 2
685 1
689 2
696 2
697 1
701 1
705 2
709 1
712 2
713 2
716 2
717 2
721 2
728 2
732 2
733 1
737 2
741 2
744 2
745 2
748 2
749 2
753 2
757 1
760 2
761 1
764 2
769 1
773 1
776 2
777 2
780 2
781 2
785 1
789 2
793 2
796 2
797 1
805 2
808 1
809 1
812 2
813 2
817 2
821 1
824 2
829 1
840 2
844 2
849 2
853 1
856 2
857 1
860 2
861 2
865 1
869 2
872 1
876 2
877 1
881 1
885 2
888 2
889 2
892 2
893 2
897 2
901 1
904 1
905 2
908 2
913 2
917 2
920 2
921 2
924 2
929 1
933 2
937 1
940 2
941 1
949 1
952 2
953 1
956 2
957 2
965 1
969 2
973 2
977 1
984 2
985 1
988 2
989 2
993 2
997 1
1001 2
1004 2
1005 2
1009 1
1013 1
1016 2
1020 2
1021 1
1032 2
1033 1
1036 2
1037 1
1041 2
1045 2
1048 2
1049 1
1052 2
1057 2
1061 1
1064 2
1065 2
1068 2
1069 1
1073 1
1077 2
1081 2
1084 2
1085 2
1093 1
1096 1
1097 1
1101 2
1105 1
1109 1
1112 2
1113 2
1117 1
1121 2
1128 2
1129 1
1132 2
1133 2
1137 2
1141 2
1144 2
1145 1
1148 2
1149 2
1153 1
1157 1
1160 1
1164 2
1165 1
1169 2
1173 2
1177 2
1180 2
1181 1
1185 2
1189 1
1192 1
1193 1
1196 2
1201 1
1205 2
1208 2
1209 2
1212 2
1213 1
1217 1
1221 2
1228 2
1229 1
1237 1
1240 2
1241 1
1244 2
1245 2
1249 1
1253 2
1256 1
1257 2
1261 1
1265 2
1272 2
1273 2
1276 2
1277 1
1281 2
1285 1
1288 2
1289 1
1292 2
1293 2
1297 1
1301 1
1304 2
1308 2
1309 2
1313 1
1317 2
1320 2
1321 1
1324 2
1329 2
1333 2
1336 2
1337 2
1340 2
1345 2
1349 2
1353 2
1356 2
1357 2
1361 1
1365 2
1373 1
1381 1
1384 1
1385 1
1388 2
1389 2
1393 2
1397 2
1401 2
1405 2
1409 1
1416 2
1417 1
1420 2
1429 1
1432 2
1433 1
1436 2
1437 2
1441 2
1448 1
1453 1
1457 2
1461 2
1464 2
1465 1
1468 2
1469 2
1473 2
1477 2
1480 1
1481 1
1484 2
1489 1
1493 1
1496 2
1497 2
1501 2
1505 2
1509 2
1513 2
1516 2
1517 2
1528 2
1529 2
1532 2
1533 2
1537 2
1541 2
1544 2
1545 2
1549 1
1553 1
1560 2
1561 2
1564 2
1565 1
1569 2
1576 1
1577 2
1580 2
1581 2
1585 1
1589 2
1592 2
1596 2
1597 1
1601 1
1605 2
1608 2
1609 1
1612 2
1613 1
1621 1
1624 2
1628 2
1633 2
1637 1
1640 2
1641 2
1644 2
1645 2
1649 1
1653 2
1657 1
1660 2
1661 2
1669 1
1672 2
1673 2
1676 2
1677 2
1685 1
1688 2
1689 2
1693 1
1697 1
1704 2
1705 2
1708 2
1709 1
1713 2
1717 2
1720 2
1721 1
1724 2
1729 2
1733 1
1736 2
1740 2
1741 1
1745 1
1749 2
1752 2
1753 1
1756 2
1757 2
1761 2
1765 1
1768 1
1769 1
1772 2
1777 1
1781 1
1784 2
1785 2
1788 2
1789 1
1793 2
1797 2
1801 1
1804 2
1816 2
1817 2
1820 2
1821 2
1829 2
1832 1
1833 2
1837 2
1841 2
1848 2
1852 2
1853 1
1857 2
1861 1
1864 2
1865 1
1868 2
1869 2
1873 1
1877 1
1880 2
1884 2
1885 2
1889 1
1893 2
1896 2
1897 2
1901 1
1905 2
1909 2
1912 2
1913 1
1916 2
1921 1
1928 2
1929 2
1932 2
1933 1
1937 1
1941 2
1945 2
1948 2
1949 1
1957 2
1961 2
1964 2
1965 2
1969 2
1973 1
1976 2
1977 2
1981 2
1985 1
1992 2
1993 1
1996 2
1997 1
2001 2
2005 2
2008 2
2012 2
2013 2
2017 1
2021 2
2024 2
2029 1
2033 2
2037 2
2040 2
2041 2
2044 2
2045 2
2049 2
2053 1
2056 2
2060 2
2065 2
2069 1
2072 2
2073 2
2076 2
2077 2
2081 1
2085 2
2089 1
2092 2
2093 2
2101 2
2104 2
2105 2
2108 2
2109 2
2113 1
2117 1
2120 1
2121 2
2129 1
2136 2
2137 1
2140 2
2141 1
2145 2
2149 2
2152 1
2153 1
2157 2
2161 1
2165 1
2168 2
2172 2
2173 1
2177 2
2181 2
2184 2
2185 2
2188 2
2189 2
2193 2
2201 2
2204 2
2213 1
2216 1
2217 2
2220 2
2221 1
2229 2
2233 2
2236 2
2237 1
2245 2
2248 2
2249 1
2252 2
2253 2
2257 1
2261 2
2264 2
2265 2
2269 1
2273 1
2280 2
2281 1
2284 2
2285 1
2289 2
2293 1
2296 2
2297 1
2301 2
2305 1
2309 1
2316 2
2317 2
2321 2
2328 2
2329 2
2332 2
2333 1
2337 2
2341 1
2344 1
2345 2
2348 2
2353 2
2357 1
2360 2
2361 2
2364 2
2365 2
2369 2
2373 2
2377 1
2380 2
2381 1
2389 1
2392 2
2393 1
2396 2
2397 2
2405 1
2408 2
2409 2
2413 2
2417 1
2424 2
2428 2
2429 2
2433 2
2437 1
2440 1
2441 1
2444 2
2445 2
2449 2
2453 2
2456 2
2460 2
2461 2
2465 1
2469 2
2472 2
2473 1
2476 2
2477 1
2481 2
2485 2
2488 2
2489 2
2492 2
2497 2
2501 1
2504 1
2505 2
2508 2
2509 1
2513 2
2517 2
2521 1
2524 2
2533 2
2536 1
2537 2
2540 2
2545 1
2549 1
2552 2
2553 2
2557 1
2561 1
2568 2
2569 2
2572 2
2573 2
2577 2
2581 1
2584 2
2585 2
2588 2
2589 2
2593 1
2604 2
2605 1
2609 1
2613 2
2616 2
2617 1
2620 2
2621 1
2629 2
2632 2
2633 1
2636 2
2641 2
2648 2
2649 2
2652 2
2653 2
2657 1
2661 2
2665 1
2668 2
2669 2
2677 1
2680 2
2681 2
2684 2
2685 2
2689 1
2693 1
2696 2
2697 2
2701 2
2705 1
2712 2
2713 1
2716 2
2717 2
2721 2
2728 2
2729 1
2732 2
2733 2
2737 2
2741 1
2748 2
2749 1
2753 1
2757 2
2760 2
2761 2
2764 2
2765 2
2769 2
2773 2
2776 2
2777 1
2780 2
2785 1
2789 1
2792 1
2796 2
2797 1
2801 1
2805 2
2812 2
2813 1
2821 2
2824 2
2828 2
2829 2
2833 1
2837 1
2840 2
2841 2
2845 2
2849 2
2856 2
2857 1
2860 2
2861 1
2865 2
2869 2
2872 2
2876 2
2877 2
2881 2
2885 1
2892 2
2893 2
2897 1
2901 2
2905 2
2908 2
2909 1
2913 2
2917 1
2920 1
2921 2
2924 2
2929 1
2933 2
2936 2
2937 2
2941 1
2945 2
2949 2
2953 1
2956 2
2957 1
2965 1
2968 2
2969 1
2972 2
2973 2
2977 1
2981 2
2984 1
2985 2
2993 2
3001 1
3004 2
3005 2
3009 2
3013 2
3016 1
3017 2
3020 2
3021 2
3029 1
3032 2
3036 2
3037 1
3041 1
3045 2
3048 2
3049 1
3052 2
3053 2
3057 2
3061 1
3064 2
3065 1
3068 2
3073 2
3077 1
3080 2
3081 2
3084 2
3085 1
3089 1
3093 2
3097 2
3101 2
3109 1
3112 1
3113 2
3116 2
3117 2
3121 1
3128 2
3129 2
3133 1
3137 1
3144 2
3145 1
3148 2
3149 2
3153 2
3157 2
3160 2
3161 1
3164 2
3165 2
3169 1
3173 2
3176 1
3180 2
3181 1
3189 2
3192 2
3193 2
3196 2
3197 2
3201 2
3205 2
3208 2
3209 1
3212 2
3217 1
3221 1
3224 2
3228 2
3229 1
3233 1
3237 2
3241 2
3244 2
3245 2
3253 1
3256 2
3257 1
3260 2
3261 2
3265 1
3269 2
3272 1
3273 2
3277 1
3281 1
3288 2
3289 2
3292 2
3293 1
3297 2
3301 1
3304 2
3305 2
3308 2
3309 2
3313 1
3317 2
3320 2
3324 2
3329 1
3333 2
3336 2
3337 2
3340 2
3341 1
3345 2
3349 1
3352 2
3353 2
3356 2
3361 1
3365 1
3368 1
3369 2
3372 2
3373 1
3377 2
3385 1
3389 1
3397 2
3401 2
3404 2
3405 2
3409 2
3413 1
3416 2
3417 2
3421 2
3432 2
3433 1
3436 2
3437 2
3441 2
3445 1
3448 2
3449 1
3452 2
3453 2
3457 1
3461 1
3464 2
3469 1
3473 2
3477 2
3480 2
3484 2
3485 1
3489 2
3493 2
3496 2
3497 2
3505 2
3512 2
3513 2
3516 2
3517 1
3521 2
3529 1
3532 2
3533 1
3541 1
3544 2
3545 1
3548 2
3553 2
3557 1
3560 2
3561 2
3565 2
3569 2
3576 2
3580 2
3581 1
3585 2
3589 1
3592 2
3593 1
3596 2
3597 2
3601 1
3605 2
3608 2
3612 2
3613 1
3617 1
3621 2
3624 2
3628 2
3629 2
3633 2
3637 1
3640 2
3641 2
3644 2
3649 1
3653 1
3656 1
3657 2
3660 2
3661 2
3665 1
3669 2
3673 1
3676 2
3677 1
3685 2
3688 1
3689 2
3692 2
3693 2
3697 1
3701 1
3704 2
3705 2
3709 1
3713 2
3720 2
3729 2
3733 1
3736 2
3737 2
3740 2
3741 2
3745 2
3749 2
3752 2
3756 2
3761 1
3765 2
3768 2
3769 1
3772 2
3777 2
3781 2
3784 2
3785 1
3788 2
3793 1
3797 1
3801 2
3804 2
3805 2
3809 1
3813 2
3817 2
3820 2
3821 1
3829 2
3832 2
3833 1
3836 2
3837 2
3841 2
3845 1
3848 1
3849 2
3853 1
3857 2
3864 2
3865 1
3868 2
3869 1
3873 2
3877 1
3880 1
3881 1
3884 2
3885 2
3889 1
3893 2
3896 2
3901 2
3905 2
3909 2
3912 2
3913 2
3916 2
3917 1
3921 2
3928 2
3929 1
3932 2
3937 2
3941 2
3944 1
3945 2
3948 2
3949 2
3953 2
3957 2
3961 1
3964 2
3965 2
3973 1
3976 2
3977 1
3980 2
3981 2
3985 1
3989 1
3992 2
3997 2
4001 1
4008 2
4009 2
4012 2
4013 1
4017 2
4021 1
4024 2
4028 2
4029 2
4033 1
4037 2
4040 1
4044 2
4045 1
4049 1
4053 2
4057 1
4060 2
4061 2
4065 2
4069 2
4072 1
4073 1
4076 2
4081 2
4085 2
4088 2
4089 2
4092 2
4093 1
4097 1
4101 2
4105 2
4108 2
4109 2
4117 2
4120 2
4121 1
4124 2
4129 1
4133 1
4136 2
4137 2
4141 1
4145 2
4152 2
4153 1
4156 2
4157 1
4161 2
4168 1
4169 2
4172 2
4173 2
4177 1
4181 1
4184 2
4188 2
4189 2
4193 2
4197 2
4201 1
4204 2
4209 2
4213 2
4216 2
4217 1
4220 2
4229 1
4233 2
4236 2
4237 2
4241 1
4245 2
4249 2
4252 2
4253 1
4261 1
4264 1
4265 1
4268 2
4269 2
4273 1
4277 2
4280 2
4281 2
4285 1
4289 1
4296 2
4297 1
4301 2
4305 2
4309 2
4313 2
4316 2
4317 2
4321 2
4328 1
4333 2
4337 1
4341 2
4344 2
4345 2
4348 2
4349 1
4353 2
4357 1
4360 1
4364 2
4369 2
4373 1
4376 2
4377 2
4380 2
4381 2
4385 1
4389 2
4393 2
4396 2
4397 1
4405 2
4408 2
4409 1
4412 2
4413 2
4417 2
4421 1
4424 2
4429 2
4433 2
4440 2
4441 1
4444 2
4445 2
4449 2
4453 2
4456 1
4457 1
4460 2
4461 2
4465 2
4469 1
4472 2
4476 2
4481 1
4485 2
4488 2
4492 2
4493 1
4497 2
4501 2
4504 2
4505 1
4513 1
4517 1
4520 1
4521 2
4524 2
4529 2
4533 2
4537 1
4540 2
4541 2
4549 1
4552 1
4553 1
4556 2
4561 1
4565 2
4568 2
4569 2
4573 1
4577 2
4584 2
4585 2
4588 2
4589 1
4593 2
4597 1
4601 2
4604 2
4605 2
4609 2
4613 2
4616 2
4620 2
4621 1
4629 2
4632 2
4633 2
4636 2
4637 1
4641 2
4645 2
4648 2
4649 1
4652 2
4657 1
4661 2
4664 2
4665 2
4668 2
4669 2
4673 1
4677 2
4681 2
4684 2
4685 1
4696 2
4697 2
4701 2
4705 2
4709 1
4712 2
4713 2
4717 2
4721 1
4728 2
4729 1
4733 1
4737 2
4741 2
4744 2
4745 1
4748 2
4749 2
4757 2
4760 2
4764 2
4765 1
4769 2
4773 2
4776 2
4777 1
4780 2
4781 2
4785 2
4789 1
4792 2
4793 1
4796 2
4801 1
4808 2
4809 2
4812 2
4813 1
4817 1
4821 2
4828 2
4829 2
4837 2
4841 2
4844 2
4845 2
4849 2
4853 2
4856 2
4857 2
4861 1
4865 2
4872 2
4873 2
4876 2
4877 1
4881 2
4885 1
4888 2
4889 1
4892 2
4893 2
4897 2
4904 1
4908 2
4909 1
4917 2
4920 2
4921 2
4924 2
4929 2
4933 1
4936 2
4937 1
4940 2
4945 2
4952 2
4953 2
4956 2
4957 1
4965 2
4969 1
4972 2
4973 1
4981 2
4984 2
4985 1
4988 2
4989 2
4993 1
4997 2
5001 2
5005 2
5009 1
5016 2
5017 2
5020 2
5021 1
5029 2
5032 1
5033 2
5036 2
5037 2
5045 1
5048 2
5052 2
5053 2
5057 2
5061 2
5064 2
5065 1
5068 2
5069 2
5073 2
5077 1
5080 2
5081 1
5084 2
5089 2
5093 2
5097 2
5101 1
5105 2
5109 2
5113 1
5116 2
5117 2
5128 2
5129 2
5132 2
5133 2
5137 2
5141 2
5144 2
5149 2
5153 1
5160 2
5161 1
5164 2
5165 1
5169 2
5173 2
5176 2
5177 2
5180 2
5181 2
5185 1
5189 1
5192 2
5196 2
5197 1
5201 2
5205 2
5208 2
5209 1
5212 2
5213 1
5217 2
5221 2
5224 1
5228 2
5233 1
5237 1
5240 2
5241 2
5244 2
5245 1
5249 2
5253 2
5257 2
5260 2
5261 1
5269 2
5272 2
5273 1
5276 2
5277 2
5281 1
5285 2
5288 1
5289 2
5293 2
5297 1
5304 2
5305 1
5308 2
5309 1
5313 2
5317 1
5320 2
5321 1
5333 1
5336 2
5340 2
5345 2
5349 2
5352 2
5353 1
5356 2
5357 2
5361 2
5365 1
5368 2
5369 2
5372 2
5377 2
5381 1
5384 2
5385 2
5388 2
5389 1
5393 1
5397 2
5401 2
5404 2
5405 2
5413 1
5416 1
5417 1
5420 2
5421 2
5429 1
5432 2
5433 2
5437 1
5441 1
5448 2
5449 1
5452 2
5453 2
5457 2
5461 2
5464 2
5465 1
5468 2
5469 2
5473 1
5477 1
5480 1
5484 2
5485 1
5489 2
5493 2
5496 2
5497 2
5501 1
5505 2
5509 2
5512 1
5513 2
5516 2
5521 1
5528 2
5529 2
5532 2
5533 2
5541 2
5545 1
5548 2
5549 2
5557 1
5560 2
5561 2
5564 2
5565 2
5569 1
5573 1
5576 2
5581 1
5585 1
5592 2
5593 2
5596 2
5597 1
5601 2
5605 2
5608 1
5609 2
5612 2
5613 2
5617 1
5621 2
5624 2
5628 2
5629 1
5633 2
5637 2
5640 2
5641 1
5644 2
5645 2
5649 2
5653 1
5656 2
5657 1
5660 2
5665 2
5669 1
5672 1
5673 2
5676 2
5677 2
5681 2
5685 2
5689 1
5692 2
5693 1
5701 1
5704 2
5705 2
5708 2
5709 2
5713 1
5717 1
5720 2
5721 2
5729 1
5736 2
5737 1
5740 2
5741 1
5745 2
5749 1
5752 2
5753 2
5756 2
5757 2
5761 2
5765 1
5768 2
5772 2
5773 2
5777 1
5781 2
5784 2
5785 1
5788 2
5789 2
5793 2
5797 2
5801 1
5804 2
5809 2
5813 1
5816 2
5817 2
5820 2
5821 1
5829 2
5833 2
5836 2
5837 1
5845 2
5848 2
5849 1
5852 2
5853 2
5857 1
5861 1
5864 1
5865 2
5869 1
5873 2
5881 1
5884 2
5885 2
5889 2
5893 2
5896 2
5897 1
5901 2
5905 2
5909 2
5912 2
5916 2
5917 2
5921 2
5928 2
5932 2
5933 1
5937 2
5941 1
5944 2
5945 2
5948 2
5953 1
5957 2
5960 1
5961 2
5964 2
5965 1
5969 2
5973 2
5977 2
5980 2
5981 1
5989 2
5992 2
5993 1
5996 2
5997 2
6001 2
6005 2
6008 2
6009 2
6013 2
6017 2
6024 2
6028 2
6029 1
6033 2
6037 1
6040 2
6041 2
6044 2
6045 2
6049 2
6053 1
6056 1
6060 2
6061 2
6065 1
6072 2
6073 1
6077 2
6081 2
6085 1
6088 1
6089 1
6092 2
6097 2
6101 1
6104 2
6105 2
6108 2
6109 1
6113 1
6117 2
6121 1
6124 2
6133 1
6136 2
6140 2
6141 2
6145 1
6149 2
6152 2
6153 2
6157 2
6161 1
6168 2
6169 2
6172 2
6173 1
6177 2
6181 2
6184 1
6185 1
6188 2
6189 2
6193 2
6197 1
6204 2
6205 1
6209 2
6213 2
6216 2
6217 1
6220 2
6221 1
6229 1
6232 2
6233 2
6236 2
6245 1
6248 2
6249 2
6252 2
6257 1
6261 2
6265 2
6268 2
6269 1
6277 1
6280 1
6281 2
6284 2
6285 2
6289 2
6293 2
6296 2
6297 2
6301 1
6305 1
6312 2
6313 2
6316 2
6317 1
6328 2
6329 1
6332 2
6333 2
6337 1
6341 2
6344 1
6349 2
6353 1
6357 2
6360 2
6361 1
6364 2
6365 2
6369 2
6373 1
6376 1
6377 2
6380 2
6385 1
6389 1
6392 2
6393 2
6396 2
6397 1
6401 1
6405 2
6409 1
6412 2
6421 1
6424 2
6428 2
6429 2
6433 2
6437 1
6440 2
6441 2
6445 1
6449 1
6456 2
6457 2
6460 2
6461 2
6465 2
6469 1
6472 1
6473 1
6476 2
6477 2
6481 1
6485 1
6488 2
6492 2
6493 2
6497 2
6501 2
6504 2
6505 2
6508 2
6509 2
6513 2
6520 2
6521 1
6524 2
6529 1
6533 2
6536 2
6537 2
6540 2
6541 2
6545 2
6549 2
6553 1
6556 2
6557 2
6565 1
6568 1
6569 1
6572 2
6573 2
6577 1
6581 1
6584 2
6585 2
6589 2
6593 2
6601 2
6604 2
6605 2
6609 2
6613 2
6616 2
6617 1
6620 2
6621 2
6629 2
6632 1
6636 2
6637 1
6641 1
6645 2
6648 2
6649 1
6652 2
6653 1
6657 2
6661 1
6665 2
6668 2
6673 1
6677 2
6680 2
6681 2
6684 2
6685 2
6689 1
6693 2
6697 2
6701 1
6709 1
6712 2
6716 2
6717 2
6721 2
6729 2
6733 1
6737 1
6744 2
6745 2
6748 2
6749 1
6753 2
6757 1
6761 1
6764 2
6765 2
6769 2
6773 2
6780 2
6781 1
6785 2
6789 2
6792 2
6793 1
6796 2
6797 2
6801 2
6805 2
6808 2
6809 2
6812 2
6817 1
6821 2
6824 1
6828 2
6829 1
6833 1
6837 2
6841 1
6844 2
6853 2
6856 1
6857 1
6861 2
6865 1
6869 1
6872 2
6873 2
6881 2
6888 2
6892 2
6893 1
6901 2
6904 2
6905 2
6908 2
6913 2
6917 1
6920 1
6924 2
6933 2
6937 2
6940 2
6941 2
6945 2
6949 1
6952 2
6953 1
6956 2
6961 1
6965 2
6968 2
6969 2
6972 2
6973 2
6977 1
6981 2
6985 2
6988 2
6989 1
6997 1
7001 1
7004 2
7005 2
7009 2
7013 1
7016 1
7017 2
7021 2
7032 2
7033 1
7036 2
7037 2
7041 2
7045 1
7048 2
7049 2
7052 2
7053 2
7057 1
7061 2
7064 2
7068 2
7069 1
7073 2
7077 2
7080 2
7081 2
7084 2
7085 1
7089 2
7093 1
7096 2
7097 2
7109 1
7112 2
7113 2
7116 2
7117 2
7121 1
7129 1
7132 2
7133 2
7141 1
7144 2
7145 2
7148 2
7149 2
7153 2
7157 2
7160 2
7161 2
7165 1
7169 2
7176 2
7177 1
7180 2
7181 2
7185 2
7189 2
7192 2
7193 1
7196 2
7197 2
7201 2
7205 2
7208 2
7212 2
7213 1
7217 2
7221 2
7224 2
7228 2
7229 1
7233 2
7237 1
7240 1
7241 1
7244 2
7249 2
7253 1
7256 2
7257 2
7261 1
7265 1
7269 2
7273 2
7276 2
7277 2
7285 2
7288 2
7289 2
7292 2
7293 2
7297 1
7304 2
7305 2
7309 1
7313 2
7320 2
7321 1
7324 2
7329 2
7333 1
7336 2
7337 2
7340 2
7341 2
7345 1
7349 1
7352 2
7356 2
7357 2
7361 2
7365 2
7368 2
7369 1
7372 2
7373 1
7377 2
7384 2
7385 2
7388 2
7393 1
7397 1
7401 2
7404 2
7405 2
7409 2
7413 2
7417 1
7420 2
7421 1
7429 2
7432 2
7433 1
7437 2
7441 2
7445 2
7449 2
7453 2
7457 1
7464 2
7465 1
7468 2
7469 2
7473 2
7477 1
7480 2
7481 1
7484 2
7485 2
7489 1
7493 2
7496 2
7501 1
7505 2
7509 2
7512 2
7513 2
7516 2
7517 1
7521 2
7528 1
7529 1
7532 2
7537 1
7541 1
7544 2
7545 2
7548 2
7549 1
7553 2
7557 2
7561 1
7564 2
7565 2
7573 1
7576 2
7577 1
7580 2
7585 1
7589 1
7592 1
7593 2
7597 2
7601 2
7608 2
7609 2
7612 2
7613 2
7617 2
7621 1
7624 1
7628 2
7629 2
7633 1
7637 2
7640 2
7645 2
7649 1
7653 2
7656 2
7657 2
7660 2
7661 2
7665 2
7669 1
7672 2
7673 1
7676 2
7681 1
7685 2
7689 2
7692 2
7697 2
7701 2
7705 2
7708 2
7709 1
7717 1
7720 1
7721 2
7724 2
7729 2
7733 2
7736 2
7737 2
7741 1
7745 1
7752 2
7753 1
7756 2
7757 1
7761 2
7765 1
7768 2
7769 2
7772 2
7773 2
7777 2
7781 2
7784 2
7788 2
7789 1
7793 1
7797 2
7801 1
7804 2
7805 2
7809 2
7813 2
7816 2
7817 1
7820 2
7829 1
7832 2
7833 2
7836 2
7837 1
7841 1
7845 2
7849 2
7852 2
7853 1
7861 2
7864 2
7868 2
7869 2
7873 1
7877 1
7880 1
7881 2
7885 2
7896 2
7897 1
7901 1
7905 2
7909 2
7912 2
7913 1
7916 2
7917 2
7928 2
7932 2
7933 1
7937 1
7941 2
7944 2
7945 2
7948 2
7949 1
7953 2
7957 2
7960 2
7961 2
7964 2
7969 1
7973 2
7976 1
7977 2
7980 2
7981 2
7985 1
7989 2
7993 1
7996 2
7997 2
8005 1
8008 2
8009 1
8012 2
8013 2
8017 1
8021 1
8024 2
8029 2
8033 2
8040 2
8041 2
8044 2
8045 2
8049 2
8053 1
8056 2
8057 2
8060 2
8061 2
8065 1
8069 1
8072 2
8076 2
8077 1
8081 1
8088 2
8089 1
8093 1
8097 2
8101 1
8104 1
8105 2
8108 2
8113 2
8117 1
8120 2
8121 2
8124 2
8129 2
8133 2
8137 2
8140 2
8141 2
8149 2
8152 2
8153 2
8156 2
8157 2
8161 1
8165 2
8168 1
8169 2
8173 2
8177 1
8184 2
8185 1
8188 2
8189 2
8193 2
8197 2
8201 2
8204 2
8205 2
8209 1
8213 2
8216 2
8220 2
8221 1
8229 2
8233 1
8236 2
8237 1
8241 2
8245 1
8248 2
8249 1
8252 2
8257 2
8261 2
8264 2
8265 2
8268 2
8269 1
8273 1
8277 2
8284 2
8285 1
8293 1
8296 1
8297 1
8301 2
8305 2
8309 2
8312 2
8313 2
8317 1
8321 1
8328 2
8329 1
8332 2
8333 2
8337 2
8341 2
8344 2
8345 1
8348 2
8353 1
8357 2
8360 2
8364 2
8365 2
8369 1
8373 2
8376 2
8377 1
8380 2
8385 2
8389 1
8392 2
8393 2
8396 2
8401 2
8408 2
8409 2
8412 2
8413 2
8417 2
8421 2
8429 1
8437 2
8440 2
8441 2
8444 2
8445 2
8449 2
8453 2
8456 2
8457 2
8461 1
8465 1
8472 2
8473 2
8476 2
8481 2
8485 1
8488 1
8489 2
8492 2
8493 2
8497 1
8501 1
8504 2
8508 2
8509 2
8513 1
8517 2
8520 2
8521 1
8524 2
8529 2
8533 2
8536 2
8537 1
8540 2
8545 1
8549 2
8552 1
8553 2
8556 2
8557 2
8561 2
8565 2
8569 2
8572 2
8573 1
8581 1
8584 1
8585 2
8588 2
8589 2
8593 1
8597 1
8601 2
8605 2
8609 1
8616 2
8617 2
8620 2
8621 2
8629 1
8632 2
8633 2
8636 2
8637 2
8641 1
8645 2
8648 2
8652 2
8653 1
8657 2
8661 2
8665 1
8668 2
8669 1
8677 1
8680 2
8681 1
8684 2
8689 1
8693 1
8696 2
8697 2
8701 2
8705 2
8709 2
8713 1
8716 2
8717 2
8728 2
8729 2
8732 2
8733 2
8737 1
8741 1
8744 1
8745 2
8749 2
8753 1
8760 2
8761 1
8764 2
8765 1
8769 2
8773 2
8776 2
8777 2
8780 2
8781 2
8785 2
8789 2
8792 2
8796 2
8797 2
8801 2
8805 2
8808 2
8809 2
8812 2
8813 2
8817 2
8821 1
8824 2
8828 2
8837 1
8840 1
8841 2
8844 2
8845 2
8849 1
8853 2
8857 1
8860 2
8861 1
8872 1
8873 2
8876 2
8877 2
8881 2
8885 1
8888 2
8889 2
8893 1
8897 2
8904 2
8905 1
8908 2
8909 2
8913 2
8917 1
8920 2
8921 2
8924 2
8929 1
8933 1
8936 1
8940 2
8941 1
8945 1
8949 2
8952 2
8953 2
8956 2
8961 2
8965 2
8968 2
8969 1
8972 2
8977 2
8981 2
8984 2
8985 2
8988 2
8989 1
8997 2
9001 1
9004 2
9005 2
9013 1
9017 2
9020 2
9021 2
9029 1
9032 1
9033 2
9037 2
9041 1
9048 2
9049 1
9052 2
9053 2
9057 2
9061 1
9064 2
9068 2
9069 2
9073 2
9077 2
9080 2
9084 2
9085 2
9089 1
9093 2
9096 2
9097 2
9101 2
9105 2
9109 1
9112 2
9113 2
9116 2
9121 2
9128 2
9129 2
9132 2
9133 1
9137 1
9141 2
9145 2
9148 2
9149 2
9157 1
9160 1
9161 1
9164 2
9165 2
9169 1
9173 1
9176 2
9177 2
9181 1
9185 2
9192 2
9193 1
9197 1
9201 2
9205 2
9208 2
9209 1
9213 2
9217 1
9221 1
9224 2
9228 2
9229 2
9233 2
9237 2
9240 2
9241 1
9244 2
9249 2
9253 2
9256 1
9257 1
9260 2
9265 1
9269 2
9272 2
9273 2
9276 2
9277 1
9281 1
9285 2
9289 2
9292 2
9293 1
9301 2
9304 2
9305 1
9308 2
9309 2
9313 2
9320 1
9321 2
9329 2
9336 2
9337 1
9340 2
9341 1
9345 2
9349 1
9352 2
9353 2
9356 2
9357 2
9361 2
9365 1
9368 2
9372 2
9373 2
9377 1
9381 2
9384 2
9385 1
9388 2
9389 1
9393 2
9397 1
9401 2
9404 2
9413 1
9416 2
9417 2
9420 2
9421 1
9429 2
9433 1
9436 2
9437 1
9445 2
9448 1
9449 2
9452 2
9453 2
9461 1
9465 2
9469 2
9473 1
9480 2
9481 2
9484 2
9485 2
9489 2
9493 2
9496 2
9497 1
9501 2
9505 2
9509 1
9512 1
9516 2
9517 2
9521 1
9528 2
9529 1
9532 2
9533 1
9541 2
9544 2
9545 2
9548 2
9553 1
9557 2
9560 2
9561 2
9564 2
9565 1
9569 2
9573 2
9577 1
9580 2
9581 2
9589 2
9592 2
9593 1
9596 2
9597 2
9601 1
9605 1
9608 1
9609 2
9613 1
9617 2
9624 2
9628 2
9629 1
9637 2
9640 2
9641 2
9644 2
9645 2
9649 1
9656 2
9660 2
9661 1
9665 1
9669 2
9672 2
9673 1
9676 2
9677 1
9681 2
9685 1
9688 2
9689 1
9692 2
9697 1
9701 2
9704 1
9705 2
9708 2
9709 2
9713 2
9717 2
9721 1
9724 2
9733 1
9736 2
9737 2
9740 2
9741 2
9745 2
9749 1
9752 2
9753 2
9757 2
9761 2
9768 2
9769 1
9772 2
9773 1
9777 2
9781 1
9784 2
9785 2
9788 2
9789 2
9793 2
9797 2
9804 2
9805 1
9809 2
9813 2
9816 2
9817 1
9820 2
9821 2
9829 1
9832 1
9833 1
9836 2
9841 2
9845 2
9848 2
9852 2
9853 2
9857 1
9861 2
9865 1
9868 2
9869 2
9877 2
9880 2
9881 1
9884 2
9885 2
9889 2
9893 1
9896 1
9897 2
9901 1
9905 2
9912 2
9913 2
9916 2
9917 2
9921 2
9928 1
9929 1
9932 2
9933 2
9937 2
9941 1
9944 2
9948 2
9949 1
9953 1
9957 2
9960 2
9961 2
9964 2
9965 1
9969 2
9973 1
9976 2
9977 2
9980 2
9985 1
9989 2
9992 2
9993 2
9997 1
