9.534 0.581
12.173 0.430
13.780 0.345
14.359 0.879
16.138 0.186
16.644 0.632
17.739 0.321
18.181 0.746
19.423 -0.005
19.485 0.903
20.107 0.944
21.316 -0.071
21.479 0.642
22.195 0.339
22.786 0.210
23.201 0.387
23.264 1.262
24.112 0.499
24.420 0.836
25.051 0.432
25.826 -0.369
26.057 0.078
26.152 0.848
26.447 1.127
27.284 0.011
27.333 0.886
27.776 0.723
28.510 -0.267
28.531 0.676
28.863 0.748
29.138 0.972
29.546 0.793
30.279 -0.380
30.404 0.241
30.411 1.221
31.057 0.229
31.527 -0.260
31.566 0.613
31.916 0.482
32.018 1.148
32.508 0.527
32.891 0.235
32.932 1.094
33.492 0.163
33.571 0.888
34.028 0.273
34.186 0.707
34.456 0.730
34.695 0.857
35.432 -0.884
35.502 -0.151
35.666 0.225
35.842 0.555
35.859 1.489
36.331 0.658
36.678 0.294
36.856 0.583
36.989 1.053
37.296 0.816
37.744 -0.018
37.825 0.647
38.121 0.417
38.303 0.653
38.442 1.067
38.870 0.246
39.168 -0.042
39.408 -0.084
39.432 0.806
39.774 0.305
39.827 1.069
40.272 0.079
40.543 -0.148
40.689 0.190
40.858 0.414
40.880 1.311
40.990 1.805
41.556 0.175
41.754 0.238
41.883 0.629
42.153 0.343
42.486 -0.259
42.643 -0.025
42.646 0.961
42.922 0.614
42.979 1.337
43.267 0.913
43.386 1.325
43.859 -0.048
44.077 -0.152
44.282 -0.195
44.295 0.739
44.426 1.066
44.777 0.256
45.112 -0.490
45.287 -0.411
45.362 0.199
45.398 1.004
45.686 0.477
45.783 0.963
45.954 1.044
46.101 1.254
46.481 0.195
46.566 0.732
46.653 1.257
46.839 1.237
47.178 0.362
47.423 -0.001
47.546 0.309
47.823 -0.252
47.927 0.164
48.039 0.524
48.150 0.895
48.355 0.719
48.742 -0.507
48.840 -0.078
48.897 0.593
48.998 1.001
49.106 1.374
49.439 0.415
49.684 -0.031
49.962 -0.689
49.991 0.134
50.090 0.544
50.173 1.044
50.257 1.535
50.393 1.717
50.802 0.233
50.958 0.279
50.971 1.193
51.293 0.210
51.403 0.533
51.661 -0.075
51.956 -0.923
51.970 -0.012
51.988 0.873
52.022 1.661
52.374 0.438
52.556 0.276
52.559 1.260
52.629 1.813
53.116 -0.320
53.301 -0.517
53.368 0.041
53.464 0.421
53.476 1.340
53.708 0.826
53.908 0.511
54.094 0.281
54.453 -1.107
54.468 -0.205
54.473 0.762
54.707 0.191
54.811 0.497
54.847 1.249
54.972 1.407
55.232 0.645
55.374 0.680
55.528 0.629
55.617 1.020
55.705 1.419
56.066 -0.072
56.194 0.040
56.259 0.588
56.337 1.040
56.628 0.007
56.659 0.794
56.894 0.141
57.061 -0.044
57.065 0.928
57.145 1.360
57.540 -0.451
57.659 -0.300
57.795 -0.281
57.810 0.613
57.828 1.487
57.996 1.269
58.170 1.011
58.651 -1.493
58.672 -0.648
58.716 0.027
58.781 0.553
58.820 1.264
59.023 0.768
59.113 1.103
59.291 0.782
59.338 1.433
59.702 -0.278
59.825 -0.203
59.846 0.636
59.931 0.998
60.067 0.974
60.187 1.068
60.465 -0.040
60.468 0.935
60.573 1.137
60.797 0.421
60.822 1.231
61.017 0.738
61.175 0.518
61.221 1.161
61.553 -0.412
61.781 -1.188
61.802 -0.356
61.924 -0.308
62.002 0.077
62.072 0.531
62.208 0.461
62.259 1.052
62.308 1.670
62.625 0.157
62.718 0.413
62.774 0.972
62.977 0.347
63.049 0.772
63.198 0.574
63.301 0.750
63.421 0.779
63.499 1.153
63.803 -0.316
63.925 -0.308
64.109 -0.811
64.125 0.058
64.213 0.337
64.230 1.197
64.291 1.699
64.457 1.338
64.688 0.426
64.710 1.248
65.004 -0.190
65.016 0.703
65.038 1.526
65.404 -0.533
65.407 0.438
65.501 0.649
65.719 -0.182
65.777 0.331
65.894 0.341
65.962 0.763
66.050 1.020
66.236 0.439
66.309 0.815
66.491 0.261
66.517 1.040
66.587 1.442
66.912 -0.351
67.044 -0.495
67.070 0.280
67.235 -0.149
67.256 0.674
67.346 0.888
67.472 0.794
67.477 1.747
67.849 -0.499
67.903 0.025
68.136 -1.020
68.192 -0.512
68.276 -0.255
68.296 0.562
68.353 1.061
68.502 0.739
68.564 1.196
68.585 2.006
68.881 0.365
68.916 1.053
69.088 0.514
69.244 0.116
69.255 1.020
69.385 0.846
69.427 1.470
69.634 0.596
69.810 0.009
69.921 -0.005
69.959 0.647
69.970 1.548
70.232 0.166
70.243 1.062
70.324 1.322
70.536 0.380
70.616 0.642
70.730 0.587
71.011 -1.006
71.116 -0.982
71.157 -0.363
71.255 -0.269
71.372 -0.360
71.402 0.355
71.490 0.536
71.529 1.173
71.701 0.558
71.704 1.530
71.888 0.809
72.168 -0.833
72.231 -0.425
72.249 0.403
72.271 1.196
72.386 1.099
72.410 1.878
72.586 1.203
72.653 1.563
72.963 -0.393
72.986 0.387
73.109 0.209
73.124 1.061
73.369 -0.294
73.419 0.223
73.425 1.168
73.492 1.515
73.725 0.268
73.911 -0.541
73.971 -0.122
73.994 0.655
74.104 0.577
74.204 0.602
74.270 0.956
74.431 0.385
74.591 -0.185
74.592 0.802
74.651 1.218
74.921 -0.437
74.931 0.463
74.933 1.442
75.059 1.198
75.155 1.238
75.401 -0.206
75.407 0.733
75.451 1.301
75.636 0.453
75.692 0.891
76.071 -1.912
76.095 -1.150
76.128 -0.487
76.169 0.103
76.272 0.059
76.295 0.833
76.328 1.495
76.389 1.882
76.617 0.572
76.742 0.298
76.780 0.911
76.834 1.365
77.060 0.053
77.177 -0.143
77.211 0.514
77.242 1.193
77.537 -0.834
77.546 0.074
77.588 0.641
77.618 1.331
77.643 2.073
77.986 -0.476
78.093 -0.581
78.163 -0.317
78.205 0.247
78.263 0.650
78.353 0.705
78.373 1.505
78.484 1.344
78.663 0.466
78.746 0.599
78.778 1.261
78.886 1.126
78.958 1.374
79.157 0.272
79.290 -0.133
79.322 0.529
79.335 1.399
79.499 0.659
79.613 0.443
79.727 0.232
79.836 0.072
79.895 0.444
80.104 -0.786
80.186 -0.663
80.217 0.003
80.261 0.531
80.330 0.786
80.394 1.102
80.421 1.808
80.621 0.657
80.870 -1.041
80.940 -0.789
80.959 -0.005
80.982 0.747
81.104 0.431
81.181 0.590
81.294 0.355
81.321 1.066
81.401 1.191
81.408 2.118
81.769 -0.834
81.856 -0.788
81.974 -1.080
82.027 -0.663
82.029 0.305
82.060 0.964
82.103 1.495
82.143 2.056
82.283 1.509
82.378 1.464
82.397 2.244
82.708 -0.198
82.716 0.708
82.817 0.588
82.832 1.421
83.031 0.203
83.064 0.829
83.292 -0.720
83.304 0.143
83.374 0.356
83.569 -0.832
83.584 -0.002
83.640 0.368
83.717 0.499
83.744 1.191
83.838 1.136
83.919 1.221
83.999 1.315
84.177 0.297
84.226 0.741
84.247 1.500
84.396 0.807
84.473 0.933
84.762 -1.371
84.776 -0.535
84.931 -1.309
84.950 -0.530
84.953 0.438
84.965 1.296
85.091 0.854
85.188 0.732
85.292 0.534
85.324 1.168
85.480 0.371
85.576 0.259
85.796 -1.292
85.863 -1.064
85.867 -0.113
85.897 0.535
85.929 1.163
85.976 1.615
86.122 0.911
86.203 0.970
86.301 0.822
86.330 1.482
86.359 2.150
86.574 0.624
86.649 0.744
86.854 -0.660
86.903 -0.243
86.914 0.630
86.930 1.438
86.956 2.140
87.067 1.820
87.391 -1.016
87.443 -0.624
87.445 0.353
87.524 0.413
87.681 -0.462
87.728 -0.011
87.736 0.882
87.761 1.584
88.072 -1.130
88.082 -0.240
88.151 -0.072
88.164 0.778
88.255 0.687
88.307 1.059
88.370 1.296
88.510 0.613
88.600 0.532
88.670 0.687
88.670 1.684
88.835 0.698
88.961 0.173
88.974 1.007
89.047 1.130
89.178 0.539
89.191 1.382
89.438 -0.623
89.506 -0.454
89.546 0.061
89.612 0.244
89.669 0.549
89.733 0.765
89.807 0.862
89.828 1.605
90.007 0.415
90.114 0.101
90.291 -1.081
90.310 -0.313
90.412 -0.575
90.468 -0.263
90.579 -0.634
90.632 -0.301
90.664 0.311
90.703 0.823
90.712 1.710
90.795 1.684
90.946 0.811
90.955 1.692
91.085 1.074
91.254 -0.024
91.367 -0.440
91.396 0.203
91.510 -0.224
91.517 0.689
91.636 0.195
91.656 0.949
91.708 1.297
91.725 2.074
91.844 1.584
92.008 0.523
92.043 1.077
92.210 -0.026
92.220 0.841
92.367 -0.017
92.409 0.454
92.416 1.366
92.522 1.024
92.698 -0.209
92.747 0.163
92.781 0.727
92.802 1.466
93.066 -0.906
93.077 -0.035
93.120 0.405
93.172 0.746
93.182 1.613
93.433 -0.600
93.467 -0.029
93.491 0.663
93.522 1.255
93.546 1.945
93.618 2.021
93.910 -0.735
93.956 -0.333
94.087 -1.017
94.154 -0.893
94.188 -0.324
94.342 -1.321
94.399 -1.063
94.406 -0.156
94.441 0.390
94.484 0.835
94.537 1.139
94.567 1.752
94.606 2.243
94.791 0.830
94.814 1.535
95.005 0.041
95.007 1.014
95.186 -0.324
95.208 0.383
95.308 0.065
95.402 -0.166
95.430 0.473
95.459 1.090
95.516 1.338
95.607 1.136
95.692 1.012
95.761 1.102
95.962 -0.549
95.972 0.318
96.048 0.306
96.119 0.368
96.164 0.777
96.202 1.272
96.340 0.437
96.399 0.657
96.447 1.009
96.470 1.714
96.479 2.590
96.788 -0.528
96.817 0.077
96.887 0.142
96.922 0.676
97.009 0.509
97.018 1.385
97.216 -0.272
97.344 -0.995
97.398 -0.718
97.445 -0.349
97.554 -0.820
97.611 -0.585
97.614 0.366
97.616 1.341
97.723 0.898
97.737 1.718
97.916 0.293
97.989 0.302
98.045 0.542
98.114 0.604
98.115 1.590
98.238 0.922
98.304 1.026
98.306 1.997
98.497 0.390
98.570 0.400
98.759 -1.192
98.765 -0.267
98.808 0.141
98.873 0.260
98.948 0.233
98.964 1.013
98.966 1.976
98.982 2.755
99.185 0.969
99.312 0.220
99.494 -1.283
99.540 -0.917
99.579 -0.458
99.683 -0.888
99.723 -0.451
99.798 -0.484
99.846 -0.145
99.863 0.620
99.892 1.210
100.393 -4.757
100.420 -4.125
100.594 -5.557
100.734 -6.521
100.771 -6.032
100.885 -6.633
101.241 -10.626
101.562 -14.156
101.576 -13.362
101.719 -14.374
101.934 -16.429
102.064 -17.279
102.227 -18.595
102.270 -18.205
102.520 -20.762
102.667 -21.866
102.784 -22.540
102.920 -23.498
103.176 -26.176
103.353 -27.716
103.421 -27.708
103.487 -27.657
103.605 -28.362
103.674 -28.353
104.044 -32.720
104.215 -34.216
104.260 -33.861
104.410 -35.049
104.521 -35.671
104.577 -35.483
104.951 -39.970
104.989 -39.527
105.159 -41.021
105.205 -40.691
105.341 -41.700
105.490 -42.895
105.496 -41.993
105.898 -46.926
105.955 -46.784
106.213 -49.607
106.261 -49.331
106.462 -51.325
106.624 -52.731
106.799 -54.354
106.847 -54.078
107.008 -55.492
107.118 -56.137
107.177 -56.025
107.429 -58.820
107.773 -63.010
107.791 -62.277
107.809 -61.550
108.016 -63.697
108.125 -64.350
108.230 -64.936
108.513 -68.248
108.783 -71.379
108.789 -70.460
108.817 -69.896
108.829 -69.073
108.935 -69.704
109.344 -74.981
109.575 -77.533
109.584 -76.668
109.657 -76.799
109.830 -78.466
109.839 -77.612
110.170 -81.734
110.178 -80.863
110.279 -81.427
110.293 -80.642
110.300 -79.750
110.354 -79.590
110.411 -79.474
110.528 -80.288
110.633 -80.925
110.770 -82.065
110.783 -81.271
110.851 -81.334
110.895 -81.023
110.925 -80.494
110.951 -79.899
111.015 -79.901
111.084 -79.985
111.123 -79.592
111.279 -81.031
111.309 -80.504
111.326 -79.777
111.471 -81.056
111.493 -80.401
111.535 -80.063
111.646 -80.799
111.679 -80.319
111.733 -80.181
111.822 -80.570
111.883 -80.534
112.049 -82.162
112.101 -81.985
112.132 -81.480
112.139 -80.585
112.155 -79.839
112.307 -81.254
112.327 -80.567
112.415 -80.955
112.444 -80.430
112.451 -79.536
112.452 -78.545
112.616 -80.161
112.656 -79.793
112.730 -79.965
112.753 -79.338
112.878 -80.324
113.067 -82.349
113.091 -81.736
113.114 -81.101
113.178 -81.114
113.199 -80.449
113.211 -79.649
113.299 -80.058
113.303 -79.116
113.358 -78.998
113.535 -80.843
113.600 -80.879
113.725 -81.895
113.750 -81.289
113.924 -83.101
113.950 -82.512
113.988 -82.130
113.990 -81.156
113.999 -80.303
114.041 -79.978
114.163 -80.947
114.166 -80.008
114.176 -79.166
114.323 -80.538
114.343 -79.861
114.403 -79.842
114.435 -79.354
114.472 -78.953
114.561 -79.399
114.700 -80.655
114.716 -79.914
114.795 -80.190
114.843 -79.969
114.891 -79.764
114.994 -80.429
114.998 -79.498
115.049 -79.336
115.229 -81.268
115.238 -80.413
115.373 -81.622
115.391 -80.915
115.418 -80.357
115.429 -79.539
115.471 -79.223
115.607 -80.458
115.749 -81.783
115.756 -80.887
115.810 -80.773
115.823 -80.000
115.922 -80.625
115.924 -79.650
116.052 -80.755
116.076 -80.151
116.149 -80.351
116.171 -79.712
116.360 -81.837
116.416 -81.757
116.495 -82.059
116.577 -82.419
116.600 -81.806
116.607 -80.921
116.671 -80.983
116.692 -80.318
116.742 -80.162
116.774 -79.679
116.875 -80.361
116.914 -80.007
116.940 -79.435
117.000 -79.427
117.136 -80.690
117.345 -83.167
117.351 -82.273
117.353 -81.313
117.377 -80.704
117.445 -80.851
117.525 -81.176
117.548 -80.561
117.625 -80.853
117.647 -80.211
117.684 -79.832
117.718 -79.405
117.802 -79.803
117.839 -79.431
117.855 -78.700
118.009 -80.278
118.093 -80.693
118.114 -80.047
118.141 -79.497
118.258 -80.457
118.315 -80.412
118.318 -79.467
118.518 -81.836
118.530 -81.048
118.538 -80.169
118.567 -79.661
118.601 -79.234
118.675 -79.489
118.773 -80.134
118.974 -82.544
118.992 -81.843
119.019 -81.295
119.071 -81.176
119.105 -80.756
119.123 -80.062
119.212 -80.573
119.342 -81.789
119.345 -80.838
119.351 -79.927
119.353 -78.965
119.433 -79.321
119.454 -78.688
119.632 -80.711
119.653 -80.082
119.658 -79.159
119.823 -80.977
119.884 -81.020
119.889 -80.104
120.033 -81.563
120.051 -80.873
120.069 -80.181
120.169 -80.895
120.234 -81.001
120.265 -80.527
120.350 -80.995
120.434 -81.424
120.458 -80.848
120.522 -80.947
120.554 -80.491
120.613 -80.501
120.634 -79.870
120.695 -79.917
120.846 -81.515
120.858 -80.731
120.898 -80.409
121.015 -81.439
121.032 -80.724
121.043 -79.917
121.056 -79.141
121.135 -79.506
121.238 -80.278
121.298 -80.329
121.307 -79.476
121.354 -79.296
121.621 -82.928
121.687 -83.061
121.698 -82.255
121.723 -81.686
121.745 -81.074
121.745 -80.081
121.766 -79.432
121.880 -80.416
121.921 -80.132
121.943 -79.527
122.095 -81.167
122.097 -80.197
122.110 -79.420
122.142 -78.987
122.230 -79.523
122.276 -79.333
122.450 -81.365
122.459 -80.518
122.616 -82.277
122.667 -82.163
122.680 -81.390
122.719 -81.073
122.756 -80.727
122.769 -79.960
122.831 -80.033
122.906 -80.359
122.928 -79.750
122.990 -79.835
123.087 -80.532
123.110 -79.937
123.191 -80.377
123.193 -79.411
123.312 -80.508
123.321 -79.663
123.449 -80.927
123.530 -81.346
123.582 -81.262
123.605 -80.673
123.677 -80.941
123.693 -80.225
123.741 -80.089
123.833 -80.713
123.839 -79.814
123.873 -79.415
123.998 -80.642
124.093 -81.322
124.140 -81.149
124.162 -80.551
124.213 -80.449
124.253 -80.170
124.351 -80.906
124.374 -80.323
124.399 -79.772
124.498 -80.525
124.518 -79.887
124.579 -79.963
124.582 -79.031
124.781 -81.573
124.800 -80.916
124.869 -81.143
124.899 -80.681
124.932 -80.271
124.994 -80.394
125.002 -79.531
125.037 -79.154
125.178 -80.679
125.199 -80.058
125.245 -79.877
125.314 -80.121
125.348 -79.726
125.524 -81.897
125.531 -81.019
125.531 -80.028
125.592 -80.117
125.642 -80.025
125.674 -79.590
125.896 -82.609
125.981 -83.129
126.000 -82.470
126.019 -81.817
126.066 -81.678
126.114 -81.538
126.153 -81.240
126.248 -81.960
126.250 -81.007
126.283 -80.590
126.314 -80.151
126.321 -79.288
126.380 -79.350
126.437 -79.389
126.516 -79.820
126.587 -80.107
126.615 -79.623
126.641 -79.086
126.880 -82.429
126.918 -82.130
126.933 -81.395
126.935 -80.438
126.948 -79.676
127.011 -79.828
127.101 -80.473
127.109 -79.616
127.173 -79.776
127.205 -79.370
127.239 -78.982
127.334 -79.723
127.484 -81.469
127.488 -80.543
127.526 -80.230
127.650 -81.503
127.682 -81.090
127.708 -80.567
127.806 -81.364
127.821 -80.638
127.860 -80.350
127.935 -80.742
127.969 -80.353
127.998 -79.898
128.051 -79.872
128.074 -79.299
128.086 -78.514
128.320 -81.824
128.365 -81.647
128.421 -81.685
128.436 -80.960
128.439 -80.017
128.505 -80.238
128.591 -80.835
128.603 -80.053
128.634 -79.622
128.740 -80.588
128.758 -79.919
128.874 -81.061
128.916 -80.848
128.940 -80.287
128.995 -80.315
129.046 -80.256
129.058 -79.480
129.177 -80.693
129.223 -80.540
129.274 -80.489
129.307 -80.094
129.345 -79.803
129.355 -79.001
129.426 -79.320
129.464 -79.024
129.611 -80.765
129.735 -82.087
129.748 -81.314
129.766 -80.664
129.768 -79.693
129.882 -80.818
129.951 -81.121
130.012 -81.259
130.159 -83.007
130.163 -82.089
130.177 -81.343
130.242 -81.571
130.313 -81.904
130.325 -81.123
130.360 -80.771
130.387 -80.278
130.413 -79.766
130.483 -80.090
130.489 -79.206
130.493 -78.269
130.596 -79.213
130.708 -80.316
130.825 -81.526
130.923 -82.370
130.961 -82.083
130.978 -81.405
131.023 -81.251
131.079 -81.309
131.086 -80.446
131.177 -81.167
131.185 -80.312
131.228 -80.128
131.236 -79.280
131.358 -80.599
131.418 -80.721
131.438 -80.098
131.438 -79.107
131.471 -78.726
131.530 -78.849
131.695 -80.983
131.722 -80.497
131.761 -80.227
131.838 -80.696
131.845 -79.822
131.917 -80.193
132.074 -82.192
132.086 -81.410
132.146 -81.552
132.159 -80.804
132.174 -80.093
132.216 -79.901
132.279 -80.103
132.285 -79.215
132.312 -78.724
132.415 -79.689
132.484 -80.009
132.512 -79.540
132.622 -80.645
132.696 -81.059
132.791 -81.878
132.800 -81.058
132.813 -80.301
132.830 -79.631
132.848 -78.975
132.916 -79.281
133.056 -80.968
133.068 -80.191
133.210 -81.928
133.219 -81.108
133.221 -80.131
133.350 -81.616
133.369 -80.990
133.372 -80.042
133.421 -79.997
133.557 -81.607
133.585 -81.152
133.684 -82.059
133.717 -81.699
133.789 -82.088
133.790 -81.117
133.816 -80.620
133.837 -80.016
133.839 -79.067
133.980 -80.775
134.000 -80.163
134.084 -80.790
134.096 -80.036
134.124 -79.574
134.232 -80.661
134.243 -79.876
134.255 -79.115
134.368 -80.297
134.396 -79.856
134.454 -79.981
134.475 -79.377
134.660 -81.991
134.671 -81.197
134.714 -81.034
134.736 -80.469
134.738 -79.510
134.754 -78.810
134.818 -79.061
134.862 -78.913
135.070 -81.975
135.131 -82.171
135.150 -81.541
135.182 -81.165
135.265 -81.787
135.268 -80.850
135.311 -80.687
135.439 -82.205
135.469 -81.781
135.512 -81.632
135.543 -81.239
135.555 -80.465
135.557 -79.514
135.580 -78.956
135.630 -78.944
135.651 -78.348
135.775 -79.790
135.938 -81.985
135.950 -81.228
135.971 -80.650
136.071 -81.603
136.097 -81.121
136.142 -81.017
136.187 -80.898
136.191 -79.979
136.279 -80.715
136.286 -79.853
136.370 -80.511
136.378 -79.672
136.407 -79.233
136.518 -80.428
136.528 -79.620
136.583 -79.725
136.647 -79.980
136.862 -83.243
136.900 -82.995
136.922 -82.433
136.923 -81.449
136.936 -80.708
136.951 -79.999
137.006 -80.094
137.070 -80.370
137.118 -80.316
137.131 -79.579
137.132 -78.605
137.251 -79.959
137.289 -79.729
137.299 -78.914
137.380 -79.529
137.403 -78.994
137.542 -80.754
137.581 -80.527
137.610 -80.116
137.623 -79.373
137.668 -79.276
137.790 -80.708
137.826 -80.419
137.891 -80.721
137.902 -79.947
137.990 -80.711
138.093 -81.756
138.225 -83.401
138.225 -82.411
138.231 -81.529
138.245 -80.804
138.254 -79.997
138.326 -80.438
138.391 -80.747
138.405 -80.026
138.420 -79.316
138.497 -79.865
138.547 -79.866
138.601 -79.957
138.703 -81.004
138.779 -81.536
138.783 -80.626
138.789 -79.737
138.838 -79.730
138.847 -78.917
138.871 -78.385
138.957 -79.127
139.113 -81.282
139.116 -80.342
139.118 -79.371
139.207 -80.167
139.398 -83.034
139.459 -83.268
139.460 -82.293
139.493 -81.962
139.526 -81.626
139.533 -80.759
139.572 -80.562
139.616 -80.448
139.621 -79.545
139.638 -78.889
139.791 -80.990
139.817 -80.521
139.826 -79.699
139.960 -81.431
140.044 -82.136
140.049 -81.235
140.063 -80.514
140.088 -80.040
140.144 -80.175
140.324 -82.836
140.358 -82.528
140.380 -81.977
140.410 -81.587
140.444 -81.286
140.482 -81.067
140.495 -80.332
140.531 -80.070
140.596 -80.384
140.691 -81.327
140.694 -80.381
140.696 -79.430
140.703 -78.571
140.743 -78.387
140.761 -77.755
140.889 -79.372
140.952 -79.673
141.012 -79.901
141.107 -80.855
141.112 -79.958
141.168 -80.097
141.246 -80.697
141.285 -80.510
141.289 -79.590
141.325 -79.319
141.355 -78.948
141.419 -79.262
141.486 -79.627
141.590 -80.775
141.628 -80.551
141.681 -80.649
141.715 -80.338
141.817 -81.455
141.827 -80.667
141.913 -81.434
141.949 -81.175
141.962 -80.440
142.036 -80.964
142.047 -80.193
142.086 -80.001
142.170 -80.750
142.193 -80.215
142.236 -80.116
142.377 -82.034
142.422 -81.964
142.461 -81.760
142.470 -80.964
142.482 -80.209
142.519 -79.961
142.532 -79.243
142.639 -80.460
142.679 -80.291
142.807 -81.951
142.811 -81.040
142.830 -80.422
142.835 -79.531
142.940 -80.721
142.985 -80.646
143.095 -81.946
143.104 -81.129
143.115 -80.357
143.159 -80.280
143.169 -79.493
143.215 -79.442
143.292 -80.046
143.337 -79.984
143.370 -79.683
143.530 -82.031
143.580 -82.068
143.612 -81.736
143.622 -80.941
143.640 -80.321
143.662 -79.789
143.668 -78.912
143.803 -80.736
143.832 -80.338
143.889 -80.538
143.904 -79.842
143.932 -79.446
144.015 -80.171
144.083 -80.607
144.140 -80.803
144.161 -80.251
144.277 -81.686
144.341 -82.019
144.344 -81.088
144.483 -83.018
144.495 -82.266
144.510 -81.579
144.520 -80.800
144.524 -79.876
144.545 -79.312
144.553 -78.489
144.556 -77.545
144.610 -77.696
144.797 -80.628
144.833 -80.399
144.917 -81.170
144.928 -80.403
144.998 -80.890
145.062 -81.241
145.102 -81.085
145.217 -82.513
145.232 -81.844
145.262 -81.472
145.272 -80.679
145.299 -80.244
145.300 -79.276
145.388 -80.142
145.451 -80.473
145.507 -80.669
145.512 -79.760
145.576 -80.137
145.648 -80.652
145.648 -79.661
145.658 -78.875
145.765 -80.146
145.821 -80.327
145.915 -81.346
145.960 -81.305
146.006 -81.285
146.069 -81.621
146.108 -81.456
146.131 -80.943
146.136 -80.037
146.159 -79.546
146.288 -81.289
146.315 -80.871
146.330 -80.194
146.340 -79.396
146.412 -79.945
146.418 -79.065
146.496 -79.744
146.534 -79.554
146.626 -80.526
146.706 -81.226
146.731 -80.771
146.753 -80.228
146.797 -80.184
146.836 -80.017
146.860 -79.529
146.932 -80.064
147.018 -80.918
147.028 -80.132
147.081 -80.272
147.093 -79.525
147.132 -79.374
147.136 -78.461
147.265 -80.225
147.413 -82.412
147.439 -81.973
147.447 -81.141
147.498 -81.250
147.517 -80.661
147.604 -81.523
147.633 -81.144
147.670 -80.944
147.709 -80.784
147.722 -80.083
147.853 -81.900
147.914 -82.213
147.920 -81.358
147.922 -80.403
147.974 -80.519
147.982 -79.683
147.996 -78.991
147.999 -78.058
148.167 -80.705
148.198 -80.375
148.249 -80.469
148.363 -81.941
148.396 -81.652
148.401 -80.766
148.444 -80.701
148.494 -80.785
148.558 -81.168
148.586 -80.783
148.600 -80.094
148.655 -80.275
148.666 -79.514
148.730 -79.922
148.737 -79.056
148.763 -78.632
148.837 -79.250
148.916 -79.965
148.995 -80.692
149.065 -81.208
149.071 -80.344
149.147 -81.004
149.224 -81.676
149.295 -82.228
149.327 -81.923
149.411 -82.766
149.435 -82.284
149.439 -81.365
149.448 -80.569
149.458 -79.795
149.506 -79.844
149.640 -81.776
149.645 -80.888
149.646 -79.898
149.668 -79.388
149.707 -79.233
149.736 -78.868
149.778 -78.802
149.946 -81.470
150.009 -81.863
150.074 -82.285
150.090 -81.645
150.105 -80.980
150.134 -80.602
150.154 -80.037
150.265 -81.498
150.268 -80.554
150.299 -80.237
150.303 -79.332
150.330 -78.911
150.405 -79.561
150.479 -80.199
150.499 -79.647
150.536 -79.463
150.552 -78.818
150.741 -81.986
150.791 -82.081
150.794 -81.150
150.813 -80.563
150.868 -80.774
150.876 -79.954
150.895 -79.374
150.915 -78.814
150.955 -78.710
151.003 -78.770
151.089 -79.661
151.230 -81.785
151.233 -80.861
151.254 -80.311
151.255 -79.350
151.376 -81.025
151.410 -80.772
151.431 -80.252
151.490 -80.560
151.498 -79.724
151.508 -78.953
151.616 -80.361
151.698 -81.175
151.710 -80.452
151.747 -80.257
151.843 -81.400
151.901 -81.696
151.911 -80.905
151.931 -80.355
152.047 -81.934
152.098 -82.070
152.132 -81.834
152.167 -81.621
152.186 -81.035
152.260 -81.699
152.279 -81.110
152.286 -80.280
152.306 -79.714
152.340 -79.479
152.371 -79.178
152.414 -79.137
152.463 -79.225
152.559 -80.371
152.608 -80.468
152.659 -80.617
152.718 -80.944
152.731 -80.235
152.767 -80.041
152.795 -79.669
152.829 -79.415
152.939 -80.895
152.954 -80.232
153.000 -80.267
153.102 -81.547
153.154 -81.720
153.286 -83.681
153.327 -83.612
153.329 -82.658
153.341 -81.928
153.355 -81.231
153.385 -80.918
153.427 -80.858
153.448 -80.324
153.451 -79.400
153.498 -79.446
153.511 -78.745
153.604 -79.850
153.615 -79.085
153.656 -79.007
153.696 -78.904
153.819 -80.693
153.827 -79.869
153.851 -79.403
153.928 -80.145
153.962 -79.919
154.156 -83.300
154.186 -82.976
154.188 -82.022
154.215 -81.643
154.231 -81.010
154.262 -80.697
154.263 -79.732
154.306 -79.700
154.326 -79.159
154.346 -78.605
154.553 -82.315
154.581 -81.931
154.583 -80.989
154.597 -80.313
154.605 -79.481
154.605 -78.495
154.640 -78.290
154.820 -81.376
154.855 -81.162
154.899 -81.159
154.906 -80.316
155.005 -81.578
155.038 -81.340
155.089 -81.497
155.089 -80.498
155.108 -79.931
155.149 -79.851
155.156 -79.020
155.221 -79.495
155.249 -79.135
155.285 -78.956
155.368 -79.862
155.371 -78.928
155.409 -78.794
155.544 -80.874
155.605 -81.277
155.622 -80.657
155.658 -80.488
155.709 -80.654
155.713 -79.746
155.760 -79.812
155.794 -79.584
155.852 -79.910
155.867 -79.260
156.014 -81.625
156.016 -80.688
156.133 -82.373
156.148 -81.703
156.157 -80.920
156.237 -81.754
156.319 -82.644
156.323 -81.716
156.329 -80.859
156.338 -80.080
156.415 -80.843
156.416 -79.870
156.471 -80.134
156.558 -81.134
156.644 -82.106
156.654 -81.347
156.667 -80.648
156.691 -80.197
156.757 -80.715
156.780 -80.245
156.786 -79.373
156.865 -80.199
156.866 -79.223
156.967 -80.557
157.012 -80.594
157.043 -80.311
157.075 -80.054
157.113 -79.944
157.132 -79.379
157.218 -80.355
157.314 -81.589
157.334 -81.048
157.368 -80.835
157.408 -80.763
157.507 -82.058
157.514 -81.214
157.539 -80.800
157.603 -81.282
157.612 -80.484
157.618 -79.631
157.676 -79.960
157.692 -79.336
157.767 -80.083
157.770 -79.155
157.781 -78.396
157.793 -77.683
158.030 -82.182
158.111 -83.074
158.121 -82.299
158.127 -81.442
158.181 -81.712
158.265 -82.655
158.270 -81.786
158.280 -81.007
158.296 -80.394
158.319 -79.913
158.335 -79.305
158.377 -79.275
158.463 -80.283
158.516 -80.527
158.526 -79.749
158.538 -79.019
158.556 -78.446
158.691 -80.602
158.706 -79.951
158.783 -80.764
158.816 -80.534
158.891 -81.281
158.910 -80.730
158.951 -80.687
159.010 -81.060
159.014 -80.158
159.071 -80.490
159.106 -80.321
159.153 -80.404
159.169 -79.794
159.196 -79.425
159.246 -79.604
159.302 -79.903
159.350 -80.045
159.389 -79.959
159.522 -82.080
159.566 -82.106
159.594 -81.763
159.701 -83.296
159.704 -82.346
159.719 -81.707
159.779 -82.113
159.787 -81.300
159.811 -80.872
159.834 -80.424
159.900 -80.962
159.925 -80.555
159.933 -79.752
159.956 -79.302
159.962 -78.437
160.043 -79.337
160.116 -80.067
160.181 -80.592
160.183 -79.636
160.260 -80.457
160.270 -79.699
160.294 -79.270
160.359 -79.797
160.486 -81.800
160.488 -80.866
160.506 -80.280
160.525 -79.724
160.552 -79.360
160.606 -79.656
160.608 -78.706
160.644 -78.559
160.687 -78.558
160.843 -81.268
160.850 -80.428
160.865 -79.788
160.968 -81.219
160.983 -80.581
161.060 -81.414
161.063 -80.474
161.070 -79.662
161.093 -79.190
161.147 -79.472
161.304 -82.204
161.315 -81.477
161.330 -80.835
161.349 -80.278
161.380 -80.017
161.468 -81.122
161.486 -80.543
161.591 -82.046
161.607 -81.429
161.625 -80.850
161.645 -80.341
161.677 -80.103
161.713 -79.963
161.748 -79.788
161.799 -80.018
161.848 -80.175
162.046 -83.918
162.069 -83.454
162.077 -82.658
162.078 -81.680
162.099 -81.184
162.112 -80.498
162.136 -80.068
162.246 -81.697
162.268 -81.225
162.272 -80.323
162.295 -79.865
162.298 -78.949
162.348 -79.139
162.421 -79.883
162.481 -80.326
162.507 -79.961
162.608 -81.385
162.655 -81.510
162.690 -81.349
162.693 -80.407
162.693 -79.421
162.744 -79.650
162.756 -78.928
162.968 -83.027
163.005 -82.931
163.009 -82.017
163.058 -82.197
163.063 -81.306
163.089 -80.949
163.090 -79.959
163.101 -79.237
163.123 -78.761
163.169 -78.870
163.266 -80.211
163.307 -80.197
163.367 -80.653
163.401 -80.464
163.422 -79.964
163.438 -79.364
163.482 -79.416
163.511 -79.114
163.517 -78.267
163.536 -77.732
163.728 -81.374
163.816 -82.496
163.840 -82.076
163.868 -81.757
163.915 -81.901
163.943 -81.556
163.954 -80.832
163.983 -80.539
163.991 -79.728
164.032 -79.734
164.060 -79.398
164.101 -79.406
164.172 -80.110
164.195 -79.681
164.235 -79.645
164.417 -83.064
164.425 -82.272
164.434 -81.471
164.439 -80.589
164.468 -80.301
164.470 -79.348
164.557 -80.469
164.593 -80.351
164.622 -80.058
164.649 -79.709
164.666 -79.128
164.722 -79.487
164.767 -79.588
164.798 -79.342
164.856 -79.759
164.858 -78.793
164.923 -79.383
164.992 -80.054
165.054 -80.583
165.093 -80.525
165.135 -80.550
165.146 -79.834
165.217 -80.569
165.236 -80.029
165.269 -79.831
165.379 -81.518
165.418 -81.463
165.452 -81.305
165.582 -83.496
165.586 -82.589
165.605 -82.051
165.633 -81.726
165.647 -81.077
165.679 -80.867
165.697 -80.308
165.726 -80.017
165.800 -80.830
165.800 -79.832
165.903 -81.343
165.905 -80.396
165.929 -79.982
165.956 -79.642
166.022 -80.285
166.030 -79.481
166.143 -81.246
166.178 -81.105
166.249 -81.860
166.254 -80.984
166.293 -80.929
166.315 -80.481
166.324 -79.687
166.405 -80.698
166.410 -79.822
166.432 -79.352
166.453 -78.881
166.525 -79.660
166.532 -78.820
166.667 -81.140
166.819 -83.894
166.822 -82.975
166.839 -82.386
166.851 -81.679
166.881 -81.427
166.885 -80.541
166.918 -80.352
166.932 -79.680
166.981 -79.891
167.045 -80.482
167.072 -80.147
167.078 -79.292
167.165 -80.454
167.217 -80.728
167.228 -80.022
167.236 -79.219
167.263 -78.883
167.286 -78.446
167.333 -78.613
167.487 -81.431
167.532 -81.533
167.532 -80.551
167.647 -82.405
167.679 -82.181
167.688 -81.412
167.710 -80.954
167.714 -80.069
167.818 -81.635
167.848 -81.393
167.868 -80.879
167.869 -79.924
167.902 -79.737
167.938 -79.632
167.949 -78.900
167.987 -78.857
168.028 -78.874
168.030 -77.917
168.206 -81.306
168.220 -80.661
168.268 -80.853
168.287 -80.328
168.377 -81.568
168.400 -81.129
168.407 -80.325
168.478 -81.096
168.549 -81.866
168.587 -81.799
168.605 -81.247
168.640 -81.124
168.659 -80.593
168.708 -80.841
168.724 -80.221
168.730 -79.369
168.802 -80.186
168.833 -79.964
168.837 -79.053
168.862 -78.676
168.989 -80.868
169.007 -80.311
169.077 -81.065
169.097 -80.571
169.198 -82.100
169.201 -81.182
169.222 -80.693
169.237 -80.077
169.245 -79.270
169.359 -81.148
169.397 -81.097
169.433 -80.998
169.443 -80.255
169.446 -79.312
169.512 -79.990
169.608 -81.387
169.662 -81.752
169.683 -81.284
169.705 -80.820
169.754 -81.063
169.759 -80.204
169.787 -79.895
169.838 -80.177
169.842 -79.291
169.855 -78.617
169.950 -80.010
170.045 -81.406
170.053 -80.591
170.071 -80.039
170.073 -79.106
170.083 -78.365
170.169 -79.534
170.171 -78.579
170.300 -80.834
170.339 -80.828
170.378 -80.803
170.432 -81.168
170.436 -80.279
170.452 -79.677
170.473 -79.205
170.573 -80.732
170.658 -81.887
170.685 -81.559
170.710 -81.194
170.766 -81.609
170.827 -82.173
170.874 -82.353
170.892 -81.806
170.894 -80.853
170.915 -80.387
171.020 -82.064
171.027 -81.225
171.044 -80.655
171.073 -80.397
171.109 -80.328
171.111 -79.359
171.125 -78.732
171.143 -78.170
171.228 -79.340
171.306 -80.310
171.318 -79.625
171.396 -80.615
171.418 -80.182
171.500 -81.251
171.571 -82.058
171.628 -82.509
171.679 -82.806
171.711 -82.621
171.726 -82.012
171.770 -82.127
171.773 -81.206
171.819 -81.392
171.834 -80.777
171.835 -79.782
171.852 -79.223
171.889 -79.174
171.924 -79.072
171.968 -79.182
172.003 -79.070
172.064 -79.637
172.142 -80.619
172.172 -80.387
172.182 -79.644
172.217 -79.559
172.350 -81.950
172.386 -81.862
172.402 -81.273
172.421 -80.777
172.440 -80.245
172.516 -81.188
172.546 -80.980
172.586 -80.982
172.635 -81.247
172.666 -81.038
172.682 -80.445
172.696 -79.811
172.701 -78.941
172.767 -79.644
172.847 -80.677
172.867 -80.195
172.910 -80.300
172.945 -80.193
173.004 -80.716
173.006 -79.782
173.020 -79.123
173.045 -78.782
173.157 -80.652
173.172 -80.039
173.240 -80.792
173.260 -80.305
173.265 -79.435
173.336 -80.262
173.357 -79.808
173.360 -78.867
173.467 -80.627
173.535 -81.391
173.573 -81.376
173.581 -80.563
173.619 -80.554
173.707 -81.831
173.712 -80.942
173.723 -80.234
173.833 -82.074
173.841 -81.275
173.859 -80.755
173.891 -80.572
173.896 -79.719
173.986 -81.030
174.017 -80.841
174.033 -80.256
174.040 -79.430
174.050 -78.691
174.183 -81.134
174.216 -80.983
174.299 -82.145
174.312 -81.480
174.337 -81.129
174.347 -80.387
174.358 -79.675
174.394 -79.593
174.410 -79.015
174.436 -78.687
174.532 -80.178
174.594 -80.794
174.679 -81.987
174.685 -81.159
174.698 -80.475
174.707 -79.719
174.718 -79.002
174.740 -78.587
174.865 -80.813
174.882 -80.269
174.883 -79.305
174.958 -80.255
175.015 -80.729
175.078 -81.371
175.136 -81.875
175.146 -81.132
175.191 -81.319
175.207 -80.724
175.211 -79.839
175.212 -78.865
175.300 -80.143
175.382 -81.298
175.393 -80.576
175.403 -79.827
175.450 -80.068
175.504 -80.472
175.541 -80.432
175.633 -81.837
175.697 -82.518
175.713 -81.921
175.719 -81.091
175.723 -80.193
175.752 -79.943
175.795 -80.088
175.797 -79.138
175.800 -78.216
175.915 -80.208
176.015 -81.822
176.049 -81.736
176.059 -80.993
176.211 -83.956
176.221 -83.238
176.241 -82.767
176.258 -82.196
176.271 -81.547
176.320 -81.839
176.372 -82.198
176.392 -81.720
176.409 -81.156
176.410 -80.200
176.460 -80.505
176.526 -81.230
176.545 -80.735
176.551 -79.905
176.568 -79.352
176.614 -79.541
176.650 -79.484
176.650 -78.490
176.681 -78.309
176.688 -77.497
176.737 -77.787
176.895 -80.942
176.924 -80.718
176.942 -80.167
176.970 -79.912
177.014 -80.070
177.025 -79.371
177.083 -79.901
177.147 -80.594
177.180 -80.455
177.272 -81.885
177.308 -81.839
177.317 -81.069
177.360 -81.206
177.373 -80.556
177.382 -79.789
177.405 -79.381
177.425 -78.933
177.473 -79.195
177.505 -79.046
177.549 -79.208
177.556 -78.374
177.628 -79.280
177.717 -80.630
177.834 -82.745
177.862 -82.492
177.881 -81.971
177.922 -82.065
177.926 -81.172
177.973 -81.433
177.984 -80.726
