11 8 15 21736 10476753
11 8 15 254541 122688280
19 15 24 111112 160223505
19 15 24 2191917 3160742872
29 21 40 400200 1345472403
29 21 40 34319415 115381863144
29 24 35 393472 1322852865
29 24 35 11699877 39334983112
31 24 40 484220 1860373242
31 24 40 30013830 115313127176
41 30 56 1129468 7592283900
41 30 56 181897488 1222714887448
41 35 48 1109296 7456687713
41 35 48 46301301 311237338600
43 33 56 1294128 9568782435
43 33 56 165330015 1222450108728
49 40 60 1901396 18257204394
49 40 60 186317406 1789019713208
51 40 65 2153424 22399916451
51 40 65 326789439 3399263713272
53 39 72 2438000 27388492005
53 39 72 633507945 7116828197960
55 42 72 2710180 32787757644
55 42 72 588204984 7116103848040
55 48 63 2673880 32348600241
55 48 63 149047581 1803177622840
65 48 88 4495140 75958875726
65 48 88 1717850946 29028245184120
67 51 88 4901720 88005480885
67 51 88 1616722065 29026627865240
69 56 85 5313000 101170146003
69 56 85 1093163415 20816017691304
71 56 90 5806948 117079685580
71 56 90 1631912568 32902621115368
71 60 84 5766620 116266592442
71 60 84 818819430 16509037307336
71 63 80 5746456 115860045873
71 63 80 412272861 8312245403320
76 55 105 7208144 166522542696
76 55 105 4277012184 98807535289952
77 57 104 7470232 177149081655
77 57 104 3944112795 93530690654632
79 60 104 8038092 200646852510
79 60 104 3746796522 93527534632392
79 65 96 7963200 198777398403
79 65 96 1877342415 46862221288344
89 66 120 11532620 365376466848
89 66 120 8041779060 254779643925464
89 72 110 11405884 361361216892
89 72 110 4026529104 127568494946200
89 80 99 11310832 358349779425
89 80 99 1015091637 32160133211752
91 69 120 12288640 407024334087
91 69 120 7691988675 254774048661496
91 72 115 12222392 404830067829
91 72 115 5497722417 182095561730264
97 84 112 14677652 552378755370
97 84 112 2847388830 107158631152952
58 solutions found for r in [1,100] comprising 29 ab pairs
