1000000000 741741741 1348178139 16359679519999999996000000000 65438718079999999951280640960000000008089919880
1000000000 741741741 1348178139 1438718080000000015280640959999999996089919880 5754872320000000058245127679999999953438718080000000008000000000
1000000000 776223777 1288288287 16258048255999999996000000000 65032193023999999951483903488000000008064512064
1000000000 776223777 1288288287 1032193024000000015483903487999999996064512064 4128772096000000059871227903999999953032193024000000008000000000
1000000000 777777777 1285714287 16253968255999999996000000000 65015873023999999951492063488000000008063492064
1000000000 777777777 1285714287 1015873024000000015492063487999999996063492064 4063492096000000059936507903999999953015873024000000008000000000
1000000000 818181819 1222222221 16161616159999999996000000000 64646464639999999951676767680000000008040404040
1000000000 818181819 1222222221 646464640000000015676767679999999996040404040 2585858560000000061414141439999999952646464640000000008000000000
1000000000 819819819 1219780221 16158400159999999996000000000 64633600639999999951683199680000000008039600040
1000000000 819819819 1219780221 633600640000000015683199679999999996039600040 2534402560000000061465597439999999952633600640000000008000000000
1000000000 834586467 1198198197 16131138655999999996000000000 64524554623999999951737722688000000008032784664
1000000000 834586467 1198198197 524554624000000015737722687999999996032784664 2098218496000000061901781503999999952524554624000000008000000000
1000000000 890109891 1123456789 16054266719999999996000000000 64217066879999999951891466560000000008013566680
1000000000 890109891 1123456789 217066880000000015891466559999999996013566680 868267520000000063131732479999999952217066880000000008000000000
1000000000 906573239 1103054841 16038512319999999996000000000 64154049279999999951922975360000000008009628080
1000000000 906573239 1103054841 154049280000000015922975359999999996009628080 616197120000000063383802879999999952154049280000000008000000000
1000000000 950617283 1051948053 16010261343999999996000000000 64041045375999999951979477312000000008002565336
1000000000 950617283 1051948053 41045376000000015979477311999999996002565336 164181504000000063835818495999999952041045376000000008000000000
1000000000 998001999 1002002001 16000015999999999996000000000 64000063999999999951999968000000000008000004000
1000000000 998001999 1002002001 64000000000015999967999999999996000004000 256000000000063999743999999999952000064000000000008000000000
1000000001 737250000 1356392000 16374568040749136028374568004 65498272293993088472240496324494816088842778006
1000000001 737250000 1356392000 1498271973993087896240495876494815948842777994 5993087907958527379903230623889406599436063326982719865498271992
1000000001 739312500 1352608000 16367682040735364028367682004 65470728293882912472089004324412184088827284506
1000000001 739312500 1352608000 1470727973882911896089003876412183948827284494 5882911907297471378360766622126590598416935326707279865470727992
1000000001 744186048 1343750000 16351744232703488412351744196 65406977061627907543738372548220930392791424438
1000000001 744186048 1343750000 1406976741627906967738372100220930252791424426 5627906977767441806790697626046511748058139742069767545406976760
1000000001 750000000 1333333336 16333333384666666716333333348 65333333669333333975333333892000000216750000030
1000000001 750000000 1333333336 1333333349333333399333333444000000076750000018 5333333408000000394666667669333334657333334237333333625333333368
1000000001 757056000 1320906250 16311849040623698028311849004 65247396292989584470860678323742188088701660256
1000000001 757056000 1320906250 1247395972989583894860677875742187948701660244 4989583901937503365854174607833342590153651324473959865247395992
1000000001 767968750 1302136320 16280420320560840588280420284 65121681412486724950169246483365043448630945636
1000000001 767968750 1302136320 1121681092486724374169246035365043308630945624 4486724378920346238814141319787590265502200763216811065121681112
1000000001 775193800 1290000000 16260775240521550428260775204 65043101092172403669737054723129302488586744206
1000000001 775193800 1290000000 1043100772172403093737054275129302348586744194 4172403097034418554413643394758449782594728922431007865043100792
1000000001 786400000 1271617500 16232070040464140028232070004 64928280291713120469105540322784840088522157506
1000000001 786400000 1271617500 928279971713119893105539874784839948522157494 3713119894278719347983678587409918578346359321282799864928279992
1000000001 788600000 1268070000 16226680040453360028226680004 64906720291626880468986960322720160088510030006
1000000001 788600000 1268070000 906719971626879892986959874720159948510029994 3626879893761279346776318586030078577548639321067199864906719992
1000000001 792543750 1261760000 16217215040434430028217215004 64868860291475440468778730322606580088488733756
1000000001 792543750 1261760000 868859971475439892778729874606579948488733744 3475439892852639344656158583607038576147819320688599864868859992
1000000001 806250000 1240310080 16186240360372480668186240324 64744961570979845588097287362234883928419040726
1000000001 806250000 1240310080 744961250979845012097286914234883788419040714 2979845009879070057717830255677520491563566679449612664744961272
1000000001 811564800 1232187500 16175009240350018428175009204 64700037090800147667850202722100110488393770706
1000000001 811564800 1232187500 700036770800147091850202274100110348393770694 2800147088800882535202059372802353769901360919000367864700036792
1000000001 813835200 1228750000 16170340840340681628170340804 64681363490725453267747497922044089688383266806
1000000001 813835200 1228750000 681363170725452691747497474044089548383266794 2725452688352716134156337771607243369210437718813631864681363192
1000000001 833333335 1200000000 16133333380266666708133333344 64533333650133333906933333801600000168300000021
1000000001 833333335 1200000000 533333330133333330933333353600000028300000009 2133333324799999965866666722133333603733333637333333464533333352
1000000001 845380000 1182900000 16113120040226240028113120004 64452480289809920466488640321357440088254520006
1000000001 845380000 1182900000 452479969809919890488639873357439948254519994 1809919882859519321338878556958718560741759316524799864452479992
1000000001 847745000 1179600000 16109380040218760028109380004 64437520289750080466406360321312560088246105006
1000000001 847745000 1179600000 437519969750079890406359873312559948246104994 1750079882500479320501118556001278560188239316375199864437519992
1000000001 860000000 1162790700 16091162840182325628091162804 64364651489458605266005581921093953688205116306
1000000001 860000000 1162790700 364651169458604690005581473093953548205116294 1458604680751628116420465751337675357492093715646511864364651192
1000000001 868090880 1151953125 16080176060160352068080176024 64320704369282816785763872760962112328180396051
1000000001 868090880 1151953125 320704049282816209763872312962112188180396039 1282816199696897233959427028525059675866050275207040664320704072
1000000001 921562500 1085113600 16026704440053408828026704404 64106817888427270864587497120320452888060084906
1000000001 921562500 1085113600 106817568427270288587496672320452748060084894 427270274563621701981784134836324947952250513068175864106817592
1000000001 924140625 1082086400 16024908140049816228024908104 64099632688398530064547978520298897288056043231
1000000001 924140625 1082086400 99632368398529488547978072298897148056043219 398529474391176901579412934376472147686398112996323864099632392
1000000001 930232560 1075000000 16020930280041860508020930244 64083721248334884304460465600251162968047093046
1000000001 930232560 1075000000 83720928334883728460465152251162828047093034 334883714009302340688372293358139987097674832837209464083720952
1000000001 943680000 1059681250 16013445040026890028013445004 64053780288215120464295790320161340088030251256
1000000001 943680000 1059681250 53779968215119888295789872161339948030251244 215119873290719299011678531441918545989859312537799864053779992
1000000001 946320000 1056725000 16012180040024360028012180004 64048720288194880464267960320146160088027405006
1000000001 946320000 1056725000 48719968194879888267959872146159948027404994 194879873169279298728318531118078545802639312487199864048719992
1000000001 968992250 1032000000 16003969040007938028003969004 64015876288063504464087318320047628088008930256
1000000001 968992250 1032000000 15875968063503888087317872047627948008930244 63503872381023296889054529016062544587411312158759864015875992
1000000001 983000000 1017294000 16001176040002352028001176004 64004704288018816464025872320014112088002646006
1000000001 983000000 1017294000 4703968018815888025871872014111948002645994 18815872112895296263422528301054544174047312047039864004703992
1000000001 985750000 1014456000 16000824040001648028000824004 64003296288013184464018128320009888088001854006
1000000001 985750000 1014456000 3295968013183888018127872009887948001853994 13183872079103296184574528210942544121951312032959864003295992
1000000001 992248064 1007812500 16000242296000484540000242260 64000969312003876560005329952002907160000545082
1000000001 992248064 1007812500 968992003875984005329504002907020000545070 3875968023255872054263872062016080035853200009690104000969016
1000000002 804560263 1242914981 16189901056759604028759603960 64759604486076833249850695094788119762681930680
1000000002 804560263 1242914981 759603846076830753850690358788115398681929120 3038415396460984563266507341839137889057326921184877660882354320
1000000002 826086959 1210526317 16146453184585812540585812472 64585812996686501341766595121574375120237987880
1000000002 826086959 1210526317 585812356686498845766590385574370756237986320 2343249436118993098251716068173913034727689689263159354819222672
1000000003 750000003 1333333336 16333333478000000423000000408 65333334304000005719333350036000024174083347205
1000000003 750000003 1333333336 1333333344000000023333333331999999970083333345 5333333408000000394666667584000000641333332615999999268000000408
1000000003 786585369 1271317832 16231612925389677110084515440 64926452091117419201565151865277392302931428155
1000000003 786585369 1271317832 926451131117413505565135161277368098931414295 3705804546704481200577803236664775455365474256394781761699377400
1000000003 852650268 1172813806 16101856416611138060916706868 64407426052889106789797259098779658903193497580
1000000003 852650268 1172813806 407425092889101093797242394779634699193483720 1629700381334606618379848988481793460489552810540051419712668168
1000000003 855035607 1169541944 16098310324589861508884792040 64393241684718894373038395409290300262107506905
1000000003 855035607 1169541944 393240724718888677038378705290276058107493045 1572962908313332114777027710524408178603163373859357974819127000
1000000003 877156458 1140047476 16068815856412894700619341828 64275263811303159902726579244902623693074826080
1000000003 877156458 1140047476 275262851303154206726562540902599489074812220 1101051411818925267540888069355141966595947296070981635958681928
1000000003 953488374 1048780492 16009075584054453068081679380 64036302720435626833942161011811709434779367780
1000000003 953488374 1048780492 36301760435621137942144307811685230779353920 145207042613726803457744396669323000621692244247339286420892040
1000000009 708333339 1411764720 16480392604647062874911776912 65921571605176524340922053338002183385712263705
1000000009 708333339 1411764720 1921568725176472564921588506000099405708531117 7686275039058839091137508205178935959112388438399190071475450472
1000000009 714285720 1400000014 16457143304228575473028583612 65828574401828625095771912467659322379318208780
1000000009 714285720 1400000014 1828571521828573319771447635657238399314476192 7314286218971443439543099594973792330528065328044478814461333272
1000000009 741176478 1349206360 16361531718507566953284045308 65446128052060556814094215227887821133552971996
1000000009 741176478 1349206360 1446125172060505038093750395885737153549239408 5784500792363033006383669729775599383796128876245037749751821336
1000000009 779816520 1282352954 16248678260476204736142915372 64994714211809658930932802363627831822080919240
1000000009 779816520 1282352954 994711331809607154932337531625747842077186652 3978845398857644830318114124324797533326598592572043240835537112
1000000009 800000008 1250000010 16200000435600003900200011628 64800002908800052180400467589602093080453744216
1000000009 800000008 1250000010 800000028800000404400002757600009100450011628 3200000172800003948800049420800365165601589688003767544803744216
1000000009 809523816 1235294130 16179272147226894714521020300 64717089753815178668146132052573559675813354528
1000000009 809523816 1235294130 717086873815126892145667220571475695809621940 2868347546890762714173778485244801935110311167081062900266891864
1000000009 823529420 1214285724 16151260938722692968252112452 64605044917781564661748365790859232321218024670
1000000009 823529420 1214285724 605042037781512885747900958857148341214292082 2420168194689078458084067774924611613244697140708106690825579832
1000000009 833333340 1200000012 16133333770400003942800011844 64533336243200052434933805326402122349637147102
1000000009 833333340 1200000012 533333363200000658933340494400038369633414514 2133333491200004957866752371200881251738726528018199971226139960
1000000009 847058832 1180555565 16110457949988239180947070424 64441832959905934310508962620402086792984290907
1000000009 847058832 1180555565 441830079905882534508497788400002812980558319 1767320351435296033526819367906028128348266157412869450847948680
1000000009 900000009 1111111120 16044444876800003879600011592 64177780662400051814311576028802083855214843735
1000000009 900000009 1111111120 177777782400000038311111196799999875211111147 711111142400000543288893478400018006577796527999962406400011592
1000000009 944444452 1058823540 16013072328235298013058835204 64052290465882404841386087448002094892948203662
1000000009 944444452 1058823540 52287585882353065385622616000010912944471074 209150347294118461908513825882559057936080483770137167067398200
1000000009 982352951 1017964080 16001268484022828820102723840 64005075088182651282463022262746996553077393493
1000000009 982352951 1017964080 5072208182599506462557430744912573073660905 20288833095597016630645223080826386870573529142608753616733224
1000000009 988235304 1011904770 16000560656010087916045389772 64002243776080724049088420278516372550615646640
1000000009 988235304 1011904770 2240896080672273087955446514288570611914052 8963584484033610881793986366418365797526845648647448991226712
116 solutions found for r in [1000000000,1000000010] comprising 58 ab pairs
