We found 0 solutions with r in [1000000000,1000000500].
We tried 1900 {a,b} pairs
We tried 6201 {a,b,d} triples.
769663123 1299270416 1000000263
769771860 1299087314 1000000429
769953432 1298781132 1000000495
770053536 1298611215 1000000079
770069392 1298584419 1000000057
770370640 1298077380 1000000351
770425786 1297983588 1000000013
770426130 1297983808 1000000321
771189675 1296698569 1000000274
771406172 1296334090 1000000059
771428718 1296296540 1000000189
771930104 1295455017 1000000363
772019556 1295304978 1000000387
772218084 1294971002 1000000013
772228678 1294953708 1000000195
772486876 1294520724 1000000135
772503822 1294492420 1000000171
772727282 1294117660 1000000011
772727384 1294117836 1000000145
772727571 1294118144 1000000385
773001700 1293658860 1000000249
773160293 1293393255 1000000154
773437797 1292929792 1000000385
773809855 1292308248 1000000429
773972821 1292035760 1000000281
773994000 1292000323 1000000249
774193776 1291667049 1000000295
774193872 1291667204 1000000417
774617136 1290960563 1000000087
774947195 1290411417 1000000354
775168086 1290043788 1000000387
775193800 1290000000 1000000001
775316710 1289796344 1000000329
775423887 1289617752 1000000205
775898088 1288830048 1000000385
776036520 1288600003 1000000331
776223777 1288288287 1000000000
776316041 1288136008 1000000323
776695452 1287506370 1000000171
776859804 1287234542 1000000387
776861290 1287232296 1000000471
777018150 1286972128 1000000351
777083582 1286863680 1000000319
777567931 1286061629 1000000140
777777777 1285714287 1000000000
777777791 1285714305 1000000016
777777826 1285714368 1000000063
777777840 1285714386 1000000079
777777875 1285714449 1000000126
777777889 1285714467 1000000142
777777924 1285714530 1000000189
777777938 1285714548 1000000205
777777973 1285714611 1000000252
777777987 1285714629 1000000268
777778022 1285714692 1000000315
777778036 1285714710 1000000331
777778071 1285714773 1000000378
777778085 1285714791 1000000394
777778120 1285714854 1000000441
777778134 1285714872 1000000457
777985224 1285371952 1000000193
778325380 1284810548 1000000329
778492946 1284534144 1000000385
778761104 1284090981 1000000055
778868699 1283913565 1000000044
779166729 1283422560 1000000079
779220840 1283333436 1000000079
779467215 1282928273 1000000264
779555653 1282782375 1000000126
779816520 1282352954 1000000009
780000195 1282051600 1000000249
780028074 1282006132 1000000387
780084405 1281913395 1000000324
780171024 1281770980 1000000289
780259502 1281625884 1000000387
780488128 1281250533 1000000415
780597930 1281070092 1000000331
780716156 1280876178 1000000363
780822024 1280701926 1000000135
780880878 1280605396 1000000133
781029468 1280362090 1000000261
781081167 1280276960 1000000111
781135600 1280188482 1000000399
781143936 1280174293 1000000193
781250275 1280000448 1000000351
781250350 1280000576 1000000449
781818518 1279070320 1000000431
781990770 1278788288 1000000319
782051537 1278688944 1000000327
782258343 1278350968 1000000355
782291124 1278297482 1000000387
782608788 1277777926 1000000117
782608968 1277778225 1000000349
782790414 1277481492 1000000133
783213891 1276790613 1000000072
783215818 1276788276 1000000387
783253560 1276726349 1000000229
783550086 1276243584 1000000385
783613693 1276139816 1000000317
783784044 1275862490 1000000331
783972225 1275555715 1000000126
784015245 1275485999 1000000234
784123084 1275310520 1000000209
784136882 1275287620 1000000029
784172923 1275229785 1000000334
784429128 1274813408 1000000385
784482972 1274725624 1000000273
784802541 1274206063 1000000078
784944644 1273975720 1000000209
784993088 1273897548 1000000385
785035989 1273828120 1000000459
785185248 1273585005 1000000079
785484920 1273099728 1000000319
785714314 1272727316 1000000035
785714380 1272727428 1000000121
785714435 1272727512 1000000189
785714501 1272727624 1000000275
785714556 1272727708 1000000343
785714622 1272727820 1000000429
785714677 1272727904 1000000497
785908120 1272414213 1000000331
786069908 1272152316 1000000327
786400000 1271617500 1000000001
786508141 1271443320 1000000261
786517060 1271428902 1000000261
786585369 1271317832 1000000003
786739870 1271068896 1000000289
786765008 1271028528 1000000385
787050929 1270566792 1000000387
787219568 1270293868 1000000095
787234422 1270270880 1000000481
787292835 1270175464 1000000021
787384752 1270028112 1000000385
787656288 1269589796 1000000193
787805075 1269350160 1000000249
787805532 1269349774 1000000387
788022039 1269000592 1000000217
788118387 1268845905 1000000394
788399676 1268392538 1000000133
788461734 1268293000 1000000249
788546373 1268156611 1000000148
788600000 1268070000 1000000001
788818877 1267718815 1000000266
788889165 1267606080 1000000351
788938392 1267527072 1000000385
789442095 1266718312 1000000379
789473805 1266666863 1000000154
789473820 1266666882 1000000171
789474030 1266667224 1000000439
789474045 1266667243 1000000456
789506080 1266615221 1000000209
789635813 1266406791 1000000078
789735863 1266247401 1000000492
790046680 1265748072 1000000031
790076358 1265700516 1000000027
790222919 1265465797 1000000038
790302754 1265338592 1000000287
790646865 1264787475 1000000126
790909170 1264367940 1000000099
791092545 1264074688 1000000031
791574976 1263304698 1000000193
791666711 1263157968 1000000057
791667015 1263158448 1000000439
791698945 1263107352 1000000379
791820972 1262912170 1000000171
792067832 1262519049 1000000363
792253800 1262222664 1000000351
792543750 1261760000 1000000001
792683060 1261538676 1000000169
792763234 1261410912 1000000097
792840147 1261288465 1000000066
792865056 1261248918 1000000097
793103595 1260869801 1000000186
793343850 1260488120 1000000249
793352763 1260473848 1000000205
793772070 1259808572 1000000429
793859665 1259668536 1000000021
793923120 1259568002 1000000079
794117709 1259259360 1000000079
794129169 1259241971 1000000390
794418060 1258783792 1000000289
794832740 1258127286 1000000379
794872178 1258065120 1000000481
795231675 1257495997 1000000324
795359580 1257294038 1000000429
795454695 1257143096 1000000189
795687330 1256775872 1000000319
795704324 1256749252 1000000407
795724830 1256716996 1000000459
795727944 1256711897 1000000387
796436970 1255592796 1000000261
796578264 1255369672 1000000097
796748232 1255102455 1000000331
796794720 1255029077 1000000271
797048208 1254630001 1000000297
797503725 1253913451 1000000324
797979869 1253164671 1000000090
798165492 1252874122 1000000445
798578453 1252225920 1000000319
798973164 1251607462 1000000387
799041360 1251500876 1000000481
799112160 1251388989 1000000079
799242680 1251185232 1000000319
799512257 1250763619 1000000422
800000008 1250000010 1000000009
800000008 1250000015 1000000011
800000024 1250000035 1000000029
800000024 1250000040 1000000031
800000040 1250000060 1000000049
800000040 1250000065 1000000051
800000056 1250000085 1000000069
800000056 1250000090 1000000071
800000072 1250000110 1000000089
800000072 1250000115 1000000091
800000088 1250000135 1000000109
800000088 1250000140 1000000111
800000104 1250000160 1000000129
800000104 1250000165 1000000131
800000120 1250000185 1000000149
800000120 1250000190 1000000151
800000136 1250000210 1000000169
800000136 1250000215 1000000171
800000152 1250000235 1000000189
800000152 1250000240 1000000191
800000168 1250000260 1000000209
800000168 1250000265 1000000211
800000184 1250000285 1000000229
800000184 1250000290 1000000231
800000200 1250000310 1000000249
800000200 1250000315 1000000251
800000216 1250000335 1000000269
800000216 1250000340 1000000271
800000232 1250000360 1000000289
800000232 1250000365 1000000291
800000248 1250000385 1000000309
800000248 1250000390 1000000311
800000264 1250000410 1000000329
800000264 1250000415 1000000331
800000280 1250000435 1000000349
800000280 1250000440 1000000351
800000296 1250000460 1000000369
800000296 1250000465 1000000371
800000312 1250000485 1000000389
800000312 1250000490 1000000391
800000328 1250000510 1000000409
800000328 1250000515 1000000411
800000344 1250000535 1000000429
800000344 1250000540 1000000431
800000360 1250000560 1000000449
800000360 1250000565 1000000451
800000376 1250000585 1000000469
800000376 1250000590 1000000471
800000392 1250000610 1000000489
800000392 1250000615 1000000491
800054941 1249915368 1000000483
800553192 1249136647 1000000165
801090024 1248299487 1000000133
801282250 1248000312 1000000249
801313037 1247952952 1000000485
801696364 1247356110 1000000429
801829403 1247148496 1000000167
802554584 1246021270 1000000041
802888464 1245504185 1000000471
803278952 1244898370 1000000329
803635716 1244345708 1000000327
803738456 1244186263 1000000173
803757955 1244156037 1000000156
803921768 1243902750 1000000249
804348032 1243243564 1000000257
804357580 1243229040 1000000351
804420024 1243131802 1000000057
804520185 1242978064 1000000471
804560263 1242914981 1000000002
804604797 1242847144 1000000387
805329088 1241728641 1000000097
805555823 1241379720 1000000331
805970520 1240741309 1000000459
806122715 1240506736 1000000329
806250000 1240310080 1000000001
806451675 1240000093 1000000076
806730155 1239572521 1000000266
806818582 1239437232 1000000495
807100007 1239005032 1000000485
807294028 1238707008 1000000385
807419920 1238514108 1000000481
807453660 1238461910 1000000301
807692550 1238095612 1000000301
807692655 1238095768 1000000429
807882040 1237805289 1000000331
808024756 1237586040 1000000079
808098876 1237473200 1000000351
808219583 1237288753 1000000500
808542504 1236794317 1000000387
808782392 1236427479 1000000387
809523816 1235294130 1000000009
809523833 1235294151 1000000028
809524105 1235294571 1000000366
809524122 1235294592 1000000385
809722287 1234991520 1000000079
809802392 1234869489 1000000133
810671541 1233546083 1000000352
810811020 1233333654 1000000259
811199552 1232742774 1000000193
811239880 1232681808 1000000321
811244896 1232674344 1000000385
811564800 1232187500 1000000001
811721328 1231950680 1000000321
811784352 1231855430 1000000481
812080852 1231405434 1000000387
812500013 1230769248 1000000015
812500052 1230769312 1000000065
812500182 1230769504 1000000223
812500221 1230769568 1000000273
812500351 1230769760 1000000431
812500390 1230769824 1000000481
812845616 1230246864 1000000385
813521776 1229224593 1000000487
813559584 1229167060 1000000321
813686000 1228975917 1000000249
813835200 1228750000 1000000001
813853128 1228723881 1000000387
813895920 1228658743 1000000169
814814880 1227272823 1000000079
814815056 1227273093 1000000297
814903072 1227140042 1000000095
814930040 1227099271 1000000029
815098540 1226845748 1000000089
815217675 1226667096 1000000349
815384807 1226415385 1000000236
815395203 1226399496 1000000133
815420701 1226361240 1000000171
815508390 1226230060 1000000451
815534328 1226191001 1000000427
815686560 1225961970 1000000351
815789614 1225806660 1000000171
815822084 1225758402 1000000387
815929432 1225596870 1000000279
816000204 1225490500 1000000249
816010569 1225475272 1000000387
816176562 1225225360 1000000111
816210395 1225175352 1000000429
817035905 1223936527 1000000044
817064580 1223894148 1000000279
817172268 1223733126 1000000387
817204440 1223684421 1000000171
817307980 1223529840 1000000351
817756277 1222859319 1000000442
817760058 1222853056 1000000193
817955248 1222561181 1000000167
818181819 1222222221 1000000000
818181882 1222222320 1000000079
818181900 1222222342 1000000099
818181963 1222222441 1000000178
818181981 1222222463 1000000198
818182044 1222222562 1000000277
818182062 1222222584 1000000297
818182125 1222222683 1000000376
818182143 1222222705 1000000396
818182206 1222222804 1000000475
818182224 1222222826 1000000495
818537325 1221691695 1000000126
818575936 1221634463 1000000287
818681394 1221476620 1000000091
819149254 1220779692 1000000387
819317278 1220529000 1000000249
819483062 1220282664 1000000487
819819819 1219780221 1000000000
820106085 1219355235 1000000324
820164576 1219268424 1000000385
820197315 1219219624 1000000331
820288645 1219083719 1000000266
820343484 1219001642 1000000027
820513216 1218750585 1000000481
820936956 1218121278 1000000387
821042160 1217965399 1000000471
821428670 1217391448 1000000119
821428969 1217391896 1000000485
821762667 1216897304 1000000387
821782896 1216867344 1000000385
821787872 1216859820 1000000321
821828516 1216799328 1000000193
822026406 1216506860 1000000381
822129024 1216354865 1000000319
822222436 1216216530 1000000259
822368625 1216000304 1000000249
822377976 1215986915 1000000429
822478563 1215837685 1000000216
822580683 1215686328 1000000045
823077063 1214953480 1000000171
823089915 1214934728 1000000261
823246326 1214703588 1000000133
823388784 1214493665 1000000231
823490007 1214344040 1000000091
823529420 1214285724 1000000009
823529532 1214285894 1000000147
823529616 1214286013 1000000247
823529728 1214286183 1000000385
823529812 1214286302 1000000485
823770762 1213930744 1000000327
823916247 1213716617 1000000420
824263149 1213205112 1000000133
824284986 1213173588 1000000387
824493081 1212867095 1000000264
825000099 1212121360 1000000121
825057360 1212037134 1000000079
825203526 1211823060 1000000331
825392720 1211544994 1000000209
825676072 1211129880 1000000481
825804672 1210941042 1000000385
825902627 1210797345 1000000354
826086959 1210526317 1000000002
826087301 1210526823 1000000418
826087320 1210526846 1000000439
826257520 1210276934 1000000209
826291488 1210227873 1000000495
826388955 1210084128 1000000079
827035241 1209139360 1000000431
827380860 1208633666 1000000181
827652969 1208236555 1000000286
827819094 1207993632 1000000097
827907192 1207865485 1000000261
827989053 1207746400 1000000399
828680053 1206738816 1000000193
828819360 1206536370 1000000351
828932532 1206371582 1000000325
828985080 1206295363 1000000429
829268500 1205882652 1000000249
829787244 1205128222 1000000013
829959720 1204878350 1000000249
830000083 1204819400 1000000101
830134890 1204623916 1000000171
830379888 1204268495 1000000169
830508791 1204082089 1000000380
831103680 1203220082 1000000319
831169152 1203125462 1000000385
831395708 1202797720 1000000431
831570740 1202544546 1000000429
831838695 1202156709 1000000234
831967486 1201970840 1000000329
832000208 1201923375 1000000249
832142957 1201716880 1000000119
832199658 1201635036 1000000133
832795656 1200775310 1000000231
833333335 1200000000 1000000001
833333340 1200000012 1000000009
833333360 1200000036 1000000031
833333365 1200000048 1000000039
833333385 1200000072 1000000061
833333390 1200000084 1000000069
833333410 1200000108 1000000091
833333415 1200000120 1000000099
833333435 1200000144 1000000121
833333440 1200000156 1000000129
833333460 1200000180 1000000151
833333465 1200000192 1000000159
833333485 1200000216 1000000181
833333490 1200000228 1000000189
833333510 1200000252 1000000211
833333515 1200000264 1000000219
833333535 1200000288 1000000241
833333540 1200000300 1000000249
833333560 1200000324 1000000271
833333565 1200000336 1000000279
833333585 1200000360 1000000301
833333590 1200000372 1000000309
833333610 1200000396 1000000331
833333615 1200000408 1000000339
833333635 1200000432 1000000361
833333640 1200000444 1000000369
833333660 1200000468 1000000391
833333665 1200000480 1000000399
833333685 1200000504 1000000421
833333690 1200000516 1000000429
833333710 1200000540 1000000451
833333715 1200000552 1000000459
833333735 1200000576 1000000481
833333740 1200000588 1000000489
833770560 1199371417 1000000289
833846404 1199262350 1000000299
833962285 1199095055 1000000026
834123488 1198864020 1000000319
834259326 1198668240 1000000079
834355920 1198529546 1000000111
834586467 1198198197 1000000000
835084308 1197484106 1000000093
835294410 1197183520 1000000351
835493536 1196898038 1000000287
835716480 1196578823 1000000321
835936080 1196264267 1000000231
835937821 1196262144 1000000385
836030475 1196129421 1000000324
836065950 1196078972 1000000451
836569591 1195357848 1000000013
836596299 1195320576 1000000385
836620320 1195285601 1000000111
836734970 1195122348 1000000331
837061864 1194655455 1000000261
837385980 1194193342 1000000381
837837930 1193548516 1000000109
838710080 1192308267 1000000481
838751524 1192249110 1000000379
839017215 1191871752 1000000459
839048005 1191827352 1000000181
839385120 1191348946 1000000289
839594968 1191051176 1000000287
840000252 1190476550 1000000301
840000273 1190476575 1000000324
840542717 1189708080 1000000231
840777645 1189375512 1000000171
840832612 1189297584 1000000097
840909434 1189189672 1000000407
840940608 1189144851 1000000097
841025784 1189024590 1000000169
841121640 1188889091 1000000171
841379588 1188524980 1000000329
841481776 1188380700 1000000351
841679366 1188101748 1000000363
841726665 1188034251 1000000054
841802697 1187927755 1000000394
842105440 1187500247 1000000209
842105504 1187500342 1000000287
842203132 1187362464 1000000193
842911960 1186363755 1000000099
842975328 1186274683 1000000145
843750297 1185185600 1000000351
843800344 1185114537 1000000027
843832048 1185070020 1000000031
844211041 1184538360 1000000181
844444588 1184210730 1000000171
844444816 1184211045 1000000439
845018048 1183407588 1000000385
845129001 1183252224 1000000385
845248215 1183084725 1000000126
845283264 1183036055 1000000289
845380000 1182900000 1000000001
845637912 1182540139 1000000387
845794719 1182320896 1000000385
846020856 1182004220 1000000111
846153858 1181818196 1000000013
846153957 1181818339 1000000132
846153979 1181818365 1000000156
846154078 1181818508 1000000275
846154100 1181818534 1000000299
846154199 1181818677 1000000418
846154221 1181818703 1000000442
846685408 1181077128 1000000385
847058832 1180555565 1000000009
847352352 1180147512 1000000385
847379264 1180109805 1000000289
847468743 1179985280 1000000321
847619268 1179775590 1000000261
847727544 1179625040 1000000319
847745000 1179600000 1000000001
848101544 1179104862 1000000327
848273493 1178865536 1000000193
848276142 1178862180 1000000331
848415155 1178669365 1000000476
848484952 1178571570 1000000121
848619816 1178384114 1000000055
848733152 1178227380 1000000319
849056670 1177777872 1000000079
849131831 1177673529 1000000040
849240869 1177522720 1000000209
849265032 1177489632 1000000385
849405572 1177293970 1000000029
849683823 1176909136 1000000327
849909749 1176595827 1000000132
849982122 1176496244 1000000387
850000068 1176470680 1000000079
850000238 1176470920 1000000281
850000357 1176471080 1000000419
850256133 1176117096 1000000387
850609899 1175627440 1000000169
850829056 1175325129 1000000385
851064240 1175000564 1000000481
851192184 1174823727 1000000387
851351571 1174603480 1000000259
851654328 1174185621 1000000133
851852127 1173913425 1000000324
851852150 1173913452 1000000349
852162960 1173485224 1000000321
852444551 1173097125 1000000126
852650268 1172813806 1000000003
853153176 1172122885 1000000181
853448607 1171717624 1000000387
853458988 1171703400 1000000399
853658820 1171428958 1000000331
853801284 1171233036 1000000135
853917452 1171074234 1000000363
854046728 1170896895 1000000331
854167022 1170732192 1000000415
854417256 1170389253 1000000387
854545587 1170212945 1000000154
854781912 1169889952 1000000385
854785729 1169884515 1000000294
854934859 1169680461 1000000300
854962080 1169643194 1000000289
855035607 1169541944 1000000003
855108941 1169441808 1000000073
855263305 1169230968 1000000171
855555624 1168831260 1000000079
856060654 1168141656 1000000055
856101861 1168085843 1000000232
856356096 1167739419 1000000385
856716525 1167247535 1000000126
856892640 1167008084 1000000319
857142876 1166666690 1000000021
857142888 1166666711 1000000037
857142912 1166666739 1000000063
857142924 1166666760 1000000079
857142948 1166666788 1000000105
857142960 1166666809 1000000121
857142984 1166666837 1000000147
857142996 1166666858 1000000163
857143020 1166666886 1000000189
857143032 1166666907 1000000205
857143056 1166666935 1000000231
857143068 1166666956 1000000247
857143092 1166666984 1000000273
857143104 1166667005 1000000289
857143128 1166667033 1000000315
857143140 1166667054 1000000331
857143164 1166667082 1000000357
857143176 1166667103 1000000373
857143200 1166667131 1000000399
857143212 1166667152 1000000415
857143236 1166667180 1000000441
857143248 1166667201 1000000457
857143272 1166667229 1000000483
857143284 1166667250 1000000499
857239530 1166535148 1000000021
857245935 1166527384 1000000429
857806053 1165765080 1000000171
857818368 1165748843 1000000385
857909120 1165625373 1000000319
858154864 1165291935 1000000471
858337580 1165043178 1000000171
858552714 1164751072 1000000097
858796365 1164420576 1000000079
858960390 1164199036 1000000429
858965184 1164192436 1000000385
859220032 1163847132 1000000385
859833981 1163016280 1000000459
860000000 1162790700 1000000001
860029192 1162752129 1000000387
860465340 1162162462 1000000259
860660064 1161899816 1000000385
861111149 1161290376 1000000045
861111366 1161290664 1000000295
861639545 1160579112 1000000429
862069050 1160000116 1000000099
862069075 1160000145 1000000126
862439240 1159502550 1000000249
862745224 1159091076 1000000145
863013816 1158730314 1000000135
863302472 1158343017 1000000195
863367797 1158255459 1000000232
863536652 1158029334 1000000387
863636412 1157894804 1000000057
863636678 1157895156 1000000363
863636773 1157895288 1000000475
864366887 1156917264 1000000487
864451032 1156803739 1000000093
864541375 1156683216 1000000249
864608472 1156593934 1000000457
864865088 1156250296 1000000257
865237610 1155752536 1000000281
865322392 1155638679 1000000013
865366070 1155580900 1000000251
865384920 1155555960 1000000351
865722946 1155104088 1000000057
865740810 1155080304 1000000079
865854088 1154930148 1000000495
866279146 1154362520 1000000089
866310228 1154321080 1000000079
866666801 1153846335 1000000156
866666827 1153846365 1000000184
866666970 1153846560 1000000351
866666996 1153846590 1000000379
866712968 1153785351 1000000363
867287258 1153020936 1000000183
867810520 1152325881 1000000261
867924872 1152174367 1000000395
868090880 1151953125 1000000001
868421103 1151515216 1000000057
868852479 1150943425 1000000024
869159028 1150537830 1000000171
869565320 1150000138 1000000119
869565480 1150000345 1000000301
869975285 1149459024 1000000471
870000087 1149425400 1000000099
870010376 1149412110 1000000231
870239144 1149110160 1000000321
870247328 1149099496 1000000383
870370628 1148936508 1000000295
870774085 1148404103 1000000266
870871160 1148276241 1000000331
870967998 1148148488 1000000295
870968025 1148148519 1000000324
871424862 1147546752 1000000385
871428859 1147541360 1000000329
871446317 1147518504 1000000387
871559735 1147368553 1000000116
872262210 1146445308 1000000459
872636925 1145952255 1000000126
873144327 1145286912 1000000385
873149277 1145280520 1000000429
873315432 1145061820 1000000079
873563304 1144736952 1000000097
873628622 1144651584 1000000193
874323810 1143741404 1000000171
874345701 1143712775 1000000174
874488737 1143526179 1000000382
874895538 1142994580 1000000429
874901361 1142986040 1000000021
875000021 1142857168 1000000023
875000042 1142857200 1000000049
875000070 1142857232 1000000079
875000091 1142857264 1000000105
875000119 1142857296 1000000135
875000140 1142857328 1000000161
875000168 1142857360 1000000191
875000189 1142857392 1000000217
875000217 1142857424 1000000247
875000238 1142857456 1000000273
875000266 1142857488 1000000303
875000287 1142857520 1000000329
875000315 1142857552 1000000359
875000336 1142857584 1000000385
875000364 1142857616 1000000415
875000385 1142857648 1000000441
875000413 1142857680 1000000471
875000434 1142857712 1000000497
875256063 1142523520 1000000319
876363724 1141078950 1000000099
876533078 1140858456 1000000087
876623445 1140740832 1000000079
876913671 1140363273 1000000072
877156458 1140047476 1000000003
877193200 1140000285 1000000249
877417464 1139709216 1000000385
877551439 1139535425 1000000476
877590957 1139483355 1000000144
878424777 1138401712 1000000135
878505012 1138298314 1000000387
878788218 1137931476 1000000387
878788247 1137931509 1000000418
878928672 1137749410 1000000289
879081130 1137551732 1000000131
879166948 1137441120 1000000319
879260872 1137319544 1000000287
879433048 1137097320 1000000481
879611844 1136865590 1000000219
879801080 1136620953 1000000171
880000264 1136363975 1000000299
880000396 1136364150 1000000451
880043296 1136308205 1000000209
880113918 1136217280 1000000321
880734144 1135416921 1000000225
880952610 1135135428 1000000259
881123632 1134914990 1000000209
881250423 1134752320 1000000481
881423333 1134529671 1000000462
881481552 1134453870 1000000079
881579233 1134328728 1000000325
881720580 1134146532 1000000169
881890016 1133928898 1000000287
882087822 1133674844 1000000387
882168158 1133570856 1000000057
882353010 1133333424 1000000079
882353040 1133333458 1000000111
882353235 1133333713 1000000334
882353265 1133333747 1000000366
882372183 1133309496 1000000387
882604172 1133011030 1000000131
882681852 1132911764 1000000327
882883176 1132653435 1000000331
883108875 1132364061 1000000376
883117224 1132353376 1000000385
883268120 1132159578 1000000231
883333404 1132075560 1000000079
883396177 1131995535 1000000264
883721084 1131579142 1000000173
884000221 1131222000 1000000249
884146635 1131034856 1000000331
884149152 1131031324 1000000193
884354120 1130769717 1000000429
884615650 1130435124 1000000301
884621720 1130427408 1000000319
884646972 1130395294 1000000387
884718780 1130303392 1000000319
884935040 1130027169 1000000319
884988960 1129958324 1000000321
884994432 1129951482 1000000385
885110634 1129803136 1000000385
885350492 1129496622 1000000195
886076240 1128571801 1000000329
886198728 1128415533 1000000205
886363647 1128205144 1000000013
886503165 1128027808 1000000111
886554902 1127962444 1000000317
886740672 1127726292 1000000385
886792757 1127659959 1000000342
887439168 1126838668 1000000385
887545460 1126703146 1000000131
887586555 1126650829 1000000064
887850905 1126316347 1000000494
887918053 1126230855 1000000354
888167731 1125914328 1000000387
888888912 1125000027 1000000025
888888944 1125000072 1000000063
888888976 1125000108 1000000097
888889008 1125000153 1000000135
888889040 1125000189 1000000169
888889072 1125000234 1000000207
888889104 1125000270 1000000241
888889136 1125000315 1000000279
888889168 1125000351 1000000313
888889200 1125000396 1000000351
888889232 1125000432 1000000385
888889264 1125000477 1000000423
888889296 1125000513 1000000457
888889328 1125000558 1000000495
889159205 1124658579 1000000264
889252013 1124541135 1000000234
889706224 1123967376 1000000385
890109891 1123456789 1000000000
890411340 1123077406 1000000429
890787728 1122602980 1000000479
890909474 1122449460 1000000429
890980704 1122359550 1000000351
891140248 1122158013 1000000085
892031634 1121036860 1000000171
892514392 1120430979 1000000387
892857275 1120000168 1000000149
893617368 1119048051 1000000387
893903814 1118689620 1000000459
893939680 1118644428 1000000321
894605775 1117811085 1000000126
894724992 1117662722 1000000385
894737047 1117647317 1000000230
894737081 1117647355 1000000266
895161387 1117117240 1000000109
895243889 1117014195 1000000066
895537720 1116648507 1000000429
895591796 1116580494 1000000165
895652465 1116505215 1000000324
895833491 1116279264 1000000175
896187060 1115838854 1000000171
896286109 1115715647 1000000218
896455301 1115504899 1000000140
896490432 1115461732 1000000385
896551968 1115384921 1000000273
897059229 1114754600 1000000451
897310963 1114441973 1000000500
897887640 1113725880 1000000351
897908831 1113698845 1000000014
898010243 1113573768 1000000325
898067170 1113503412 1000000429
898082384 1113484660 1000000479
898305109 1113207575 1000000026
899001180 1112345768 1000000079
899123030 1112195400 1000000249
899125920 1112191447 1000000079
899131280 1112185284 1000000289
899414620 1111834364 1000000041
899486776 1111745943 1000000387
899691430 1111492368 1000000079
899763240 1111403531 1000000021
899868288 1111274598 1000000385
900000009 1111111120 1000000009
900000054 1111111180 1000000061
900000090 1111111220 1000000099
900000135 1111111280 1000000151
900000171 1111111320 1000000189
900000216 1111111380 1000000241
900000252 1111111420 1000000279
900000297 1111111480 1000000331
900000333 1111111520 1000000369
900000378 1111111580 1000000421
900000414 1111111620 1000000459
900156777 1110918695 1000000496
900329439 1110704865 1000000144
900596616 1110375518 1000000217
901226277 1109599544 1000000133
901639585 1109091203 1000000266
901948056 1108712378 1000000487
901961100 1108696038 1000000349
902136080 1108480909 1000000311
902222335 1108374525 1000000126
902953740 1107476826 1000000171
903419625 1106905611 1000000126
903467937 1106846520 1000000171
903485542 1106825280 1000000319
904095856 1106077533 1000000057
904197319 1105953872 1000000263
904255330 1105882364 1000000011
904674667 1105369944 1000000093
904762007 1105263285 1000000114
904762045 1105263327 1000000154
905660448 1104166755 1000000079
905809800 1103985404 1000000399
905921642 1103849304 1000000487
905995224 1103758792 1000000097
906122748 1103603970 1000000331
906250087 1103448384 1000000097
906250406 1103448768 1000000447
906318400 1103365773 1000000351
906408824 1103255215 1000000131
906542115 1103092853 1000000064
906573239 1103054841 1000000000
906688872 1102914617 1000000205
907037090 1102491456 1000000321
907339803 1102123245 1000000144
907563096 1101851940 1000000079
907931992 1101404540 1000000209
908187859 1101094865 1000000494
908463016 1100760639 1000000165
908740360 1100424788 1000000209
908752624 1100410197 1000000327
908867295 1100271368 1000000331
909046564 1100054120 1000000209
909090920 1100000011 1000000011
909090980 1100000088 1000000079
909091020 1100000132 1000000121
909091080 1100000209 1000000189
909091120 1100000253 1000000231
909091180 1100000330 1000000299
909091220 1100000374 1000000341
909091280 1100000451 1000000409
909091320 1100000495 1000000451
909492472 1099514805 1000000219
909677856 1099291310 1000000481
909774679 1099173845 1000000266
909880191 1099046648 1000000387
909903834 1099017532 1000000133
909952896 1098958685 1000000319
910199528 1098660840 1000000289
910448058 1098361016 1000000327
910556260 1098230396 1000000281
910758030 1097986676 1000000091
910959028 1097744508 1000000135
911027691 1097661768 1000000133
911111225 1097561115 1000000126
911111266 1097561160 1000000169
911201046 1097453220 1000000261
911215110 1097436084 1000000171
911764746 1096774244 1000000045
912000228 1096491500 1000000249
912085735 1096388453 1000000134
912088079 1096385745 1000000184
912380145 1096035208 1000000381
912408875 1096000137 1000000126
912621372 1095744694 1000000013
912650508 1095710528 1000000385
912672978 1095683556 1000000387
912863160 1095454655 1000000099
912921284 1095385536 1000000385
913043733 1095238403 1000000280
913043775 1095238449 1000000324
913255483 1094984136 1000000133
913455552 1094744229 1000000097
913580616 1094595039 1000000405
913978735 1094117937 1000000264
914141767 1093923072 1000000385
914285888 1093750210 1000000191
914348504 1093675947 1000000483
914414718 1093596420 1000000331
914451318 1093552768 1000000385
914530070 1093458132 1000000171
915567481 1092219255 1000000216
915652425 1092118167 1000000324
915721490 1092035704 1000000281
915786328 1091958833 1000000485
916049456 1091644290 1000000079
916107465 1091575192 1000000091
916666696 1090909128 1000000033
916666740 1090909176 1000000079
916666817 1090909272 1000000165
916666861 1090909320 1000000211
916666938 1090909416 1000000297
916666982 1090909464 1000000343
916667059 1090909560 1000000429
916667103 1090909608 1000000475
917139792 1090346744 1000000193
917277940 1090182788 1000000311
917679664 1089704991 1000000055
917721820 1089655532 1000000329
917864255 1089486301 1000000266
917920611 1089419440 1000000279
918195672 1089093269 1000000363
918667546 1088533908 1000000387
918742880 1088444508 1000000321
918919020 1088235416 1000000111
919106454 1088014092 1000000387
919117875 1088000272 1000000249
919154763 1087956301 1000000108
919288128 1087798930 1000000321
919451640 1087605806 1000000471
919529688 1087512970 1000000231
919672545 1087344520 1000000451
919799622 1087193604 1000000133
920000276 1086956850 1000000301
920000322 1086956900 1000000349
920428124 1086451776 1000000385
920430264 1086448785 1000000171
920635276 1086207318 1000000387
920910400 1085882733 1000000351
921348392 1085365947 1000000085
921562500 1085113600 1000000001
921875295 1084746112 1000000321
922120469 1084457712 1000000327
922330205 1084210651 1000000116
922400008 1084129403 1000000485
922414151 1084112568 1000000387
922897355 1083544488 1000000171
923076984 1083333407 1000000067
923077032 1083333459 1000000117
923077128 1083333576 1000000223
923077176 1083333628 1000000273
923077272 1083333745 1000000379
923077320 1083333797 1000000429
923406265 1082947463 1000000236
923456864 1082887785 1000000079
923913365 1082353320 1000000349
923963010 1082295104 1000000321
924140625 1082086400 1000000001
924192792 1082026039 1000000333
924242842 1081967700 1000000451
924321646 1081874508 1000000013
924384384 1081801886 1000000385
924389906 1081795428 1000000387
924444768 1081731150 1000000351
924623184 1081521817 1000000073
924637786 1081505408 1000000383
924708272 1081422849 1000000327
925926225 1080000351 1000000324
925926275 1080000405 1000000376
926243640 1079629716 1000000079
926470944 1079365496 1000000385
926821070 1078957536 1000000289
926829500 1078947636 1000000249
927137024 1078590051 1000000385
927602040 1078049050 1000000249
927919510 1077680604 1000000429
928104900 1077465168 1000000351
928216277 1077336195 1000000496
928349268 1077181626 1000000387
928571488 1076923148 1000000065
928571540 1076923204 1000000119
928571657 1076923344 1000000247
928571709 1076923400 1000000301
928571826 1076923540 1000000429
928571878 1076923596 1000000483
929411774 1075949380 1000000011
930232560 1075000000 1000000001
930322883 1074896325 1000000324
931433712 1073613829 1000000057
931880232 1073099559 1000000133
932135358 1072806396 1000000387
932203635 1072727557 1000000264
932203690 1072727616 1000000321
932214632 1072715029 1000000323
932233548 1072693580 1000000471
932692636 1072165328 1000000353
932811880 1072028433 1000000429
933174676 1071611774 1000000485
933259281 1071514288 1000000327
933333352 1071428595 1000000021
933333408 1071428655 1000000079
933333548 1071428820 1000000231
933333604 1071428880 1000000289
933333744 1071429045 1000000441
933333800 1071429105 1000000499
934391348 1070216166 1000000363
934782934 1069767812 1000000347
934823237 1069721152 1000000095
935065008 1069444530 1000000079
936300514 1068033516 1000000165
936395785 1067924555 1000000026
936454960 1067857271 1000000119
936488618 1067818836 1000000093
936717516 1067558410 1000000331
936858742 1067396820 1000000021
937330944 1066859871 1000000385
937362720 1066823735 1000000399
937368360 1066817171 1000000331
937500045 1066666720 1000000049
937500105 1066666784 1000000111
937500270 1066666976 1000000289
937500330 1066667040 1000000351
937538470 1066623344 1000000209
937698308 1066441470 1000000181
937788657 1066338899 1000000262
938345255 1065706281 1000000216
938625657 1065388480 1000000481
938814586 1065173180 1000000059
939011067 1064950669 1000000232
939828240 1064024569 1000000169
940030377 1063796299 1000000418
940253160 1063543846 1000000231
940639672 1063107249 1000000427
941176544 1062500085 1000000079
941176608 1062500153 1000000145
941176800 1062500374 1000000351
941176864 1062500442 1000000417
941302152 1062358419 1000000133
941527254 1062104352 1000000097
941588947 1062034920 1000000171
941694597 1061915960 1000000261
941835176 1061756965 1000000029
942022840 1061546064 1000000319
942029205 1061538711 1000000234
942029270 1061538780 1000000301
942387212 1061135802 1000000405
942537747 1060966440 1000000459
942581904 1060916440 1000000319
942857256 1060606190 1000000121
942857322 1060606260 1000000189
943466315 1059921744 1000000231
943680000 1059681250 1000000001
943700032 1059659430 1000000319
943820472 1059524085 1000000261
943925699 1059406465 1000000494
944087844 1059224080 1000000289
944412609 1058859967 1000000352
944425032 1058845414 1000000057
944444452 1058823540 1000000009
944444520 1058823612 1000000079
944444741 1058823864 1000000315
944444809 1058823936 1000000385
944568096 1058685969 1000000495
944856429 1058362760 1000000429
945122110 1058064696 1000000169
945219760 1057956044 1000000479
945312863 1057851648 1000000385
945355386 1057803684 1000000205
945366090 1057791800 1000000249
945546344 1057589742 1000000057
945603376 1057526070 1000000111
945946190 1057143132 1000000259
945946260 1057143206 1000000331
946173375 1056889021 1000000126
946320000 1056725000 1000000001
946428844 1056604080 1000000289
946524315 1056497453 1000000264
946666998 1056338400 1000000351
946667069 1056338475 1000000424
947368512 1055555659 1000000097
947368584 1055555735 1000000171
947368836 1055556020 1000000439
947619493 1055276880 1000000471
948056016 1054790060 1000000031
948184472 1054647904 1000000383
948275955 1054545560 1000000099
948718332 1054054482 1000000405
948718406 1054054560 1000000481
949091004 1053639950 1000000099
949275387 1053435144 1000000027
949495316 1053191898 1000000387
949791154 1052863832 1000000377
949864814 1052782092 1000000333
950000057 1052631640 1000000059
950000342 1052631960 1000000361
950000418 1052632040 1000000439
950038734 1052589460 1000000379
950046740 1052580232 1000000209
950071644 1052552902 1000000333
950617283 1051948053 1000000000
950617360 1051948134 1000000079
950645304 1051917856 1000000385
950704560 1051852220 1000000351
950819984 1051724485 1000000329
951040502 1051480920 1000000471
951219672 1051282230 1000000169
951219750 1051282312 1000000249
951456716 1051020858 1000000427
951750444 1050696052 1000000217
952192347 1050208384 1000000193
952381160 1050000231 1000000219
952381240 1050000315 1000000301
952387419 1049993005 1000000064
952521084 1049846336 1000000385
952631598 1049723780 1000000021
952703160 1049645896 1000000481
952830566 1049505364 1000000395
952898707 1049429832 1000000165
953125427 1049180800 1000000449
953367646 1048914108 1000000387
953488374 1048780492 1000000003
953488456 1048780578 1000000087
953799288 1048439405 1000000379
954228975 1047966765 1000000126
954545781 1047619408 1000000343
954545865 1047619496 1000000429
954652281 1047502279 1000000220
955128293 1046979960 1000000091
955371090 1046714652 1000000459
955555761 1046511855 1000000216
955555847 1046511945 1000000304
955724364 1046327330 1000000261
955881031 1046155385 1000000044
956044131 1045977205 1000000184
956044218 1045977296 1000000273
956110056 1045905504 1000000385
956133596 1045879758 1000000387
956328292 1045666224 1000000097
956382567 1045607269 1000000282
956521896 1045454719 1000000165
956521984 1045454811 1000000255
956891120 1045051414 1000000209
957143039 1044776320 1000000191
957182688 1044733448 1000000385
957882520 1043970342 1000000471
958045276 1043792208 1000000097
958111119 1043720552 1000000133
958152015 1043676177 1000000216
958333709 1043478672 1000000393
958333801 1043478768 1000000487
958678056 1043103853 1000000387
958746712 1043029152 1000000385
958763226 1043011124 1000000355
958763319 1043011221 1000000450
959091216 1042654360 1000000319
959409880 1042308005 1000000299
960000144 1041666825 1000000151
960000240 1041666925 1000000249
960019388 1041646386 1000000363
960207720 1041441556 1000000111
960454047 1041174504 1000000133
960617423 1040997825 1000000324
960620248 1040994570 1000000231
960802569 1040797240 1000000331
960883545 1040709415 1000000276
961328235 1040228032 1000000289
961504599 1040037432 1000000387
961538700 1040000260 1000000249
961538800 1040000364 1000000351
962025480 1039473863 1000000171
962238176 1039244635 1000000431
962500077 1038961120 1000000079
962566920 1038888972 1000000079
962587836 1038867038 1000000387
962593676 1038860274 1000000165
962737447 1038705480 1000000331
962873428 1038558906 1000000387
962963300 1038461904 1000000351
962963404 1038462012 1000000457
963414796 1037974860 1000000169
963902680 1037449650 1000000249
964028964 1037313632 1000000193
964257715 1037067272 1000000059
964286154 1037037512 1000000457
965088960 1036174574 1000000321
965116696 1036145028 1000000433
965229096 1036024200 1000000351
965760848 1035453711 1000000327
966199476 1034983718 1000000363
966252125 1034927088 1000000249
966285435 1034891033 1000000066
966292388 1034883990 1000000261
966622536 1034530784 1000000385
967149260 1033967454 1000000429
967213196 1033898394 1000000085
967213314 1033898516 1000000205
967477976 1033615374 1000000055
967532841 1033557448 1000000387
967687489 1033392360 1000000429
967697398 1033381088 1000000095
967742040 1033333447 1000000109
967742160 1033333571 1000000231
967790220 1033282562 1000000379
968097803 1032954000 1000000249
968272311 1032767593 1000000132
968402688 1032629073 1000000385
968750403 1032258496 1000000417
968825128 1032178416 1000000193
968903904 1032095090 1000000481
968910252 1032088134 1000000387
968992250 1032000000 1000000001
969543313 1031413791 1000000172
969697216 1031250264 1000000255
969697344 1031250396 1000000385
970161902 1030756384 1000000287
970350480 1030555638 1000000079
970483742 1030414560 1000000289
970588608 1030303428 1000000385
970869315 1030005096 1000000171
970899601 1029972888 1000000133
971594932 1029235980 1000000231
971751496 1029069858 1000000087
972222405 1028571624 1000000189
972222545 1028571768 1000000331
972267912 1028523889 1000000387
972789532 1027972470 1000000429
972945105 1027807759 1000000264
972973224 1027778045 1000000259
972973368 1027778193 1000000405
973083892 1027661280 1000000319
973302547 1027429920 1000000079
973487856 1027234840 1000000321
974085849 1026604576 1000000495
974265026 1026414948 1000000093
974359140 1026315966 1000000171
974359292 1026316122 1000000325
974456220 1026213818 1000000219
974602317 1026060015 1000000234
975000468 1025641520 1000000481
975213780 1025416784 1000000289
976286835 1024289672 1000000261
976744356 1023809704 1000000175
976744524 1023809876 1000000345
977848113 1022653736 1000000013
977859805 1022641535 1000000026
978261210 1022222580 1000000349
978632874 1021834476 1000000405
978642320 1021824421 1000000311
978823872 1021634975 1000000351
979452474 1020979460 1000000429
979709640 1020711461 1000000429
979730055 1020689992 1000000331
979737267 1020681909 1000000052
980119496 1020284194 1000000215
980153855 1020248416 1000000209
980198109 1020202111 1000000090
980392400 1020000255 1000000249
980392600 1020000459 1000000451
980477496 1019911790 1000000279
980769372 1019607992 1000000145
980769576 1019608200 1000000351
981180805 1019180576 1000000209
981481560 1018868004 1000000079
981559133 1018787403 1000000040
981714727 1018626137 1000000140
981928137 1018405352 1000000435
982014088 1018315446 1000000057
982352951 1017964080 1000000009
983000000 1017294000 1000000001
983333648 1016949480 1000000321
983405863 1016874936 1000000387
983904640 1016359311 1000000321
984375378 1015873408 1000000385
984824513 1015410115 1000000386
985074684 1015151572 1000000057
985484344 1014730440 1000000481
985560544 1014651660 1000000321
985750000 1014456000 1000000001
986087277 1014109675 1000000324
986418977 1013768035 1000000014
987341784 1012820527 1000000013
987342096 1012820843 1000000327
987654560 1012500243 1000000241
987889875 1012258833 1000000126
988000247 1012146000 1000000249
988218616 1011922623 1000000387
988225880 1011914521 1000000059
988235304 1011904770 1000000009
988889146 1011236220 1000000261
988904619 1011220525 1000000324
989776215 1010329736 1000000171
989978560 1010123595 1000000351
990068832 1010030945 1000000079
990147909 1009950375 1000000126
990769528 1009317075 1000000301
991146260 1008933174 1000000171
991546062 1008526204 1000000093
991645809 1008425352 1000000387
991666746 1008403440 1000000079
991690072 1008380217 1000000325
991870004 1008196806 1000000085
992248064 1007812500 1000000001
993057548 1006991766 1000000387
993189460 1006857606 1000000181
993197412 1006849452 1000000135
993226460 1006820658 1000000459
993412797 1006631039 1000000078
993596716 1006444818 1000000133
993692436 1006347934 1000000165
993791169 1006247875 1000000126
994047961 1005988368 1000000343
994382106 1005649804 1000000085
994583232 1005446975 1000000351
995122200 1004902210 1000000249
995154601 1004869568 1000000287
995237547 1004785769 1000000262
995914128 1004103408 1000000385
995918696 1004098690 1000000329
995935290 1004081964 1000000331
995938648 1004078691 1000000387
996403348 1003610580 1000000471
996817016 1003193230 1000000041
997245564 1002762816 1000000385
997434535 1002572633 1000000284
997740799 1002264960 1000000321
997884888 1002120455 1000000429
998001999 1002002001 1000000000
999082112 1000919502 1000000385
999213294 1000788096 1000000385
999755276 1000245174 1000000195
999999999 1000000001 1000000000
1000000000 1000000002 1000000001
1000000001 1000000003 1000000002
1000000002 1000000004 1000000003
1000000003 1000000005 1000000004
1000000004 1000000006 1000000005
1000000005 1000000007 1000000006
1000000006 1000000008 1000000007
1000000007 1000000009 1000000008
1000000008 1000000010 1000000009
1000000009 1000000011 1000000010
1000000010 1000000012 1000000011
1000000011 1000000013 1000000012
1000000012 1000000014 1000000013
1000000013 1000000015 1000000014
1000000014 1000000016 1000000015
1000000015 1000000017 1000000016
1000000016 1000000018 1000000017
1000000017 1000000019 1000000018
1000000018 1000000020 1000000019
1000000019 1000000021 1000000020
1000000020 1000000022 1000000021
1000000021 1000000023 1000000022
1000000022 1000000024 1000000023
1000000023 1000000025 1000000024
1000000024 1000000026 1000000025
1000000025 1000000027 1000000026
1000000026 1000000028 1000000027
1000000027 1000000029 1000000028
1000000028 1000000030 1000000029
1000000029 1000000031 1000000030
1000000030 1000000032 1000000031
1000000031 1000000033 1000000032
1000000032 1000000034 1000000033
1000000033 1000000035 1000000034
1000000034 1000000036 1000000035
1000000035 1000000037 1000000036
1000000036 1000000038 1000000037
1000000037 1000000039 1000000038
1000000038 1000000040 1000000039
1000000039 1000000041 1000000040
1000000040 1000000042 1000000041
1000000041 1000000043 1000000042
1000000042 1000000044 1000000043
1000000043 1000000045 1000000044
1000000044 1000000046 1000000045
1000000045 1000000047 1000000046
1000000046 1000000048 1000000047
1000000047 1000000049 1000000048
1000000048 1000000050 1000000049
1000000049 1000000051 1000000050
1000000050 1000000052 1000000051
1000000051 1000000053 1000000052
1000000052 1000000054 1000000053
1000000053 1000000055 1000000054
1000000054 1000000056 1000000055
1000000055 1000000057 1000000056
1000000056 1000000058 1000000057
1000000057 1000000059 1000000058
1000000058 1000000060 1000000059
1000000059 1000000061 1000000060
1000000060 1000000062 1000000061
1000000061 1000000063 1000000062
1000000062 1000000064 1000000063
1000000063 1000000065 1000000064
1000000064 1000000066 1000000065
1000000065 1000000067 1000000066
1000000066 1000000068 1000000067
1000000067 1000000069 1000000068
1000000068 1000000070 1000000069
1000000069 1000000071 1000000070
1000000070 1000000072 1000000071
1000000071 1000000073 1000000072
1000000072 1000000074 1000000073
1000000073 1000000075 1000000074
1000000074 1000000076 1000000075
1000000075 1000000077 1000000076
1000000076 1000000078 1000000077
1000000077 1000000079 1000000078
1000000078 1000000080 1000000079
1000000079 1000000081 1000000080
1000000080 1000000082 1000000081
1000000081 1000000083 1000000082
1000000082 1000000084 1000000083
1000000083 1000000085 1000000084
1000000084 1000000086 1000000085
1000000085 1000000087 1000000086
1000000086 1000000088 1000000087
1000000087 1000000089 1000000088
1000000088 1000000090 1000000089
1000000089 1000000091 1000000090
1000000090 1000000092 1000000091
1000000091 1000000093 1000000092
1000000092 1000000094 1000000093
1000000093 1000000095 1000000094
1000000094 1000000096 1000000095
1000000095 1000000097 1000000096
1000000096 1000000098 1000000097
1000000097 1000000099 1000000098
1000000098 1000000100 1000000099
1000000099 1000000101 1000000100
1000000100 1000000102 1000000101
1000000101 1000000103 1000000102
1000000102 1000000104 1000000103
1000000103 1000000105 1000000104
1000000104 1000000106 1000000105
1000000105 1000000107 1000000106
1000000106 1000000108 1000000107
1000000107 1000000109 1000000108
1000000108 1000000110 1000000109
1000000109 1000000111 1000000110
1000000110 1000000112 1000000111
1000000111 1000000113 1000000112
1000000112 1000000114 1000000113
1000000113 1000000115 1000000114
1000000114 1000000116 1000000115
1000000115 1000000117 1000000116
1000000116 1000000118 1000000117
1000000117 1000000119 1000000118
1000000118 1000000120 1000000119
1000000119 1000000121 1000000120
1000000120 1000000122 1000000121
1000000121 1000000123 1000000122
1000000122 1000000124 1000000123
1000000123 1000000125 1000000124
1000000124 1000000126 1000000125
1000000125 1000000127 1000000126
1000000126 1000000128 1000000127
1000000127 1000000129 1000000128
1000000128 1000000130 1000000129
1000000129 1000000131 1000000130
1000000130 1000000132 1000000131
1000000131 1000000133 1000000132
1000000132 1000000134 1000000133
1000000133 1000000135 1000000134
1000000134 1000000136 1000000135
1000000135 1000000137 1000000136
1000000136 1000000138 1000000137
1000000137 1000000139 1000000138
1000000138 1000000140 1000000139
1000000139 1000000141 1000000140
1000000140 1000000142 1000000141
1000000141 1000000143 1000000142
1000000142 1000000144 1000000143
1000000143 1000000145 1000000144
1000000144 1000000146 1000000145
1000000145 1000000147 1000000146
1000000146 1000000148 1000000147
1000000147 1000000149 1000000148
1000000148 1000000150 1000000149
1000000149 1000000151 1000000150
1000000150 1000000152 1000000151
1000000151 1000000153 1000000152
1000000152 1000000154 1000000153
1000000153 1000000155 1000000154
1000000154 1000000156 1000000155
1000000155 1000000157 1000000156
1000000156 1000000158 1000000157
1000000157 1000000159 1000000158
1000000158 1000000160 1000000159
1000000159 1000000161 1000000160
1000000160 1000000162 1000000161
1000000161 1000000163 1000000162
1000000162 1000000164 1000000163
1000000163 1000000165 1000000164
1000000164 1000000166 1000000165
1000000165 1000000167 1000000166
1000000166 1000000168 1000000167
1000000167 1000000169 1000000168
1000000168 1000000170 1000000169
1000000169 1000000171 1000000170
1000000170 1000000172 1000000171
1000000171 1000000173 1000000172
1000000172 1000000174 1000000173
1000000173 1000000175 1000000174
1000000174 1000000176 1000000175
1000000175 1000000177 1000000176
1000000176 1000000178 1000000177
1000000177 1000000179 1000000178
1000000178 1000000180 1000000179
1000000179 1000000181 1000000180
1000000180 1000000182 1000000181
1000000181 1000000183 1000000182
1000000182 1000000184 1000000183
1000000183 1000000185 1000000184
1000000184 1000000186 1000000185
1000000185 1000000187 1000000186
1000000186 1000000188 1000000187
1000000187 1000000189 1000000188
1000000188 1000000190 1000000189
1000000189 1000000191 1000000190
1000000190 1000000192 1000000191
1000000191 1000000193 1000000192
1000000192 1000000194 1000000193
1000000193 1000000195 1000000194
1000000194 1000000196 1000000195
1000000195 1000000197 1000000196
1000000196 1000000198 1000000197
1000000197 1000000199 1000000198
1000000198 1000000200 1000000199
1000000199 1000000201 1000000200
1000000200 1000000202 1000000201
1000000201 1000000203 1000000202
1000000202 1000000204 1000000203
1000000203 1000000205 1000000204
1000000204 1000000206 1000000205
1000000205 1000000207 1000000206
1000000206 1000000208 1000000207
1000000207 1000000209 1000000208
1000000208 1000000210 1000000209
1000000209 1000000211 1000000210
1000000210 1000000212 1000000211
1000000211 1000000213 1000000212
1000000212 1000000214 1000000213
1000000213 1000000215 1000000214
1000000214 1000000216 1000000215
1000000215 1000000217 1000000216
1000000216 1000000218 1000000217
1000000217 1000000219 1000000218
1000000218 1000000220 1000000219
1000000219 1000000221 1000000220
1000000220 1000000222 1000000221
1000000221 1000000223 1000000222
1000000222 1000000224 1000000223
1000000223 1000000225 1000000224
1000000224 1000000226 1000000225
1000000225 1000000227 1000000226
1000000226 1000000228 1000000227
1000000227 1000000229 1000000228
1000000228 1000000230 1000000229
1000000229 1000000231 1000000230
1000000230 1000000232 1000000231
1000000231 1000000233 1000000232
1000000232 1000000234 1000000233
1000000233 1000000235 1000000234
1000000234 1000000236 1000000235
1000000235 1000000237 1000000236
1000000236 1000000238 1000000237
1000000237 1000000239 1000000238
1000000238 1000000240 1000000239
1000000239 1000000241 1000000240
1000000240 1000000242 1000000241
1000000241 1000000243 1000000242
1000000242 1000000244 1000000243
1000000243 1000000245 1000000244
1000000244 1000000246 1000000245
1000000245 1000000247 1000000246
1000000246 1000000248 1000000247
1000000247 1000000249 1000000248
1000000248 1000000250 1000000249
1000000249 1000000251 1000000250
1000000250 1000000252 1000000251
1000000251 1000000253 1000000252
1000000252 1000000254 1000000253
1000000253 1000000255 1000000254
1000000254 1000000256 1000000255
1000000255 1000000257 1000000256
1000000256 1000000258 1000000257
1000000257 1000000259 1000000258
1000000258 1000000260 1000000259
1000000259 1000000261 1000000260
1000000260 1000000262 1000000261
1000000261 1000000263 1000000262
1000000262 1000000264 1000000263
1000000263 1000000265 1000000264
1000000264 1000000266 1000000265
1000000265 1000000267 1000000266
1000000266 1000000268 1000000267
1000000267 1000000269 1000000268
1000000268 1000000270 1000000269
1000000269 1000000271 1000000270
1000000270 1000000272 1000000271
1000000271 1000000273 1000000272
1000000272 1000000274 1000000273
1000000273 1000000275 1000000274
1000000274 1000000276 1000000275
1000000275 1000000277 1000000276
1000000276 1000000278 1000000277
1000000277 1000000279 1000000278
1000000278 1000000280 1000000279
1000000279 1000000281 1000000280
1000000280 1000000282 1000000281
1000000281 1000000283 1000000282
1000000282 1000000284 1000000283
1000000283 1000000285 1000000284
1000000284 1000000286 1000000285
1000000285 1000000287 1000000286
1000000286 1000000288 1000000287
1000000287 1000000289 1000000288
1000000288 1000000290 1000000289
1000000289 1000000291 1000000290
1000000290 1000000292 1000000291
1000000291 1000000293 1000000292
1000000292 1000000294 1000000293
1000000293 1000000295 1000000294
1000000294 1000000296 1000000295
1000000295 1000000297 1000000296
1000000296 1000000298 1000000297
1000000297 1000000299 1000000298
1000000298 1000000300 1000000299
1000000299 1000000301 1000000300
1000000300 1000000302 1000000301
1000000301 1000000303 1000000302
1000000302 1000000304 1000000303
1000000303 1000000305 1000000304
1000000304 1000000306 1000000305
1000000305 1000000307 1000000306
1000000306 1000000308 1000000307
1000000307 1000000309 1000000308
1000000308 1000000310 1000000309
1000000309 1000000311 1000000310
1000000310 1000000312 1000000311
1000000311 1000000313 1000000312
1000000312 1000000314 1000000313
1000000313 1000000315 1000000314
1000000314 1000000316 1000000315
1000000315 1000000317 1000000316
1000000316 1000000318 1000000317
1000000317 1000000319 1000000318
1000000318 1000000320 1000000319
1000000319 1000000321 1000000320
1000000320 1000000322 1000000321
1000000321 1000000323 1000000322
1000000322 1000000324 1000000323
1000000323 1000000325 1000000324
1000000324 1000000326 1000000325
1000000325 1000000327 1000000326
1000000326 1000000328 1000000327
1000000327 1000000329 1000000328
1000000328 1000000330 1000000329
1000000329 1000000331 1000000330
1000000330 1000000332 1000000331
1000000331 1000000333 1000000332
1000000332 1000000334 1000000333
1000000333 1000000335 1000000334
1000000334 1000000336 1000000335
1000000335 1000000337 1000000336
1000000336 1000000338 1000000337
1000000337 1000000339 1000000338
1000000338 1000000340 1000000339
1000000339 1000000341 1000000340
1000000340 1000000342 1000000341
1000000341 1000000343 1000000342
1000000342 1000000344 1000000343
1000000343 1000000345 1000000344
1000000344 1000000346 1000000345
1000000345 1000000347 1000000346
1000000346 1000000348 1000000347
1000000347 1000000349 1000000348
1000000348 1000000350 1000000349
1000000349 1000000351 1000000350
1000000350 1000000352 1000000351
1000000351 1000000353 1000000352
1000000352 1000000354 1000000353
1000000353 1000000355 1000000354
1000000354 1000000356 1000000355
1000000355 1000000357 1000000356
1000000356 1000000358 1000000357
1000000357 1000000359 1000000358
1000000358 1000000360 1000000359
1000000359 1000000361 1000000360
1000000360 1000000362 1000000361
1000000361 1000000363 1000000362
1000000362 1000000364 1000000363
1000000363 1000000365 1000000364
1000000364 1000000366 1000000365
1000000365 1000000367 1000000366
1000000366 1000000368 1000000367
1000000367 1000000369 1000000368
1000000368 1000000370 1000000369
1000000369 1000000371 1000000370
1000000370 1000000372 1000000371
1000000371 1000000373 1000000372
1000000372 1000000374 1000000373
1000000373 1000000375 1000000374
1000000374 1000000376 1000000375
1000000375 1000000377 1000000376
1000000376 1000000378 1000000377
1000000377 1000000379 1000000378
1000000378 1000000380 1000000379
1000000379 1000000381 1000000380
1000000380 1000000382 1000000381
1000000381 1000000383 1000000382
1000000382 1000000384 1000000383
1000000383 1000000385 1000000384
1000000384 1000000386 1000000385
1000000385 1000000387 1000000386
1000000386 1000000388 1000000387
1000000387 1000000389 1000000388
1000000388 1000000390 1000000389
1000000389 1000000391 1000000390
1000000390 1000000392 1000000391
1000000391 1000000393 1000000392
1000000392 1000000394 1000000393
1000000393 1000000395 1000000394
1000000394 1000000396 1000000395
1000000395 1000000397 1000000396
1000000396 1000000398 1000000397
1000000397 1000000399 1000000398
1000000398 1000000400 1000000399
1000000399 1000000401 1000000400
1000000400 1000000402 1000000401
1000000401 1000000403 1000000402
1000000402 1000000404 1000000403
1000000403 1000000405 1000000404
1000000404 1000000406 1000000405
1000000405 1000000407 1000000406
1000000406 1000000408 1000000407
1000000407 1000000409 1000000408
1000000408 1000000410 1000000409
1000000409 1000000411 1000000410
1000000410 1000000412 1000000411
1000000411 1000000413 1000000412
1000000412 1000000414 1000000413
1000000413 1000000415 1000000414
1000000414 1000000416 1000000415
1000000415 1000000417 1000000416
1000000416 1000000418 1000000417
1000000417 1000000419 1000000418
1000000418 1000000420 1000000419
1000000419 1000000421 1000000420
1000000420 1000000422 1000000421
1000000421 1000000423 1000000422
1000000422 1000000424 1000000423
1000000423 1000000425 1000000424
1000000424 1000000426 1000000425
1000000425 1000000427 1000000426
1000000426 1000000428 1000000427
1000000427 1000000429 1000000428
1000000428 1000000430 1000000429
1000000429 1000000431 1000000430
1000000430 1000000432 1000000431
1000000431 1000000433 1000000432
1000000432 1000000434 1000000433
1000000433 1000000435 1000000434
1000000434 1000000436 1000000435
1000000435 1000000437 1000000436
1000000436 1000000438 1000000437
1000000437 1000000439 1000000438
1000000438 1000000440 1000000439
1000000439 1000000441 1000000440
1000000440 1000000442 1000000441
1000000441 1000000443 1000000442
1000000442 1000000444 1000000443
1000000443 1000000445 1000000444
1000000444 1000000446 1000000445
1000000445 1000000447 1000000446
1000000446 1000000448 1000000447
1000000447 1000000449 1000000448
1000000448 1000000450 1000000449
1000000449 1000000451 1000000450
1000000450 1000000452 1000000451
1000000451 1000000453 1000000452
1000000452 1000000454 1000000453
1000000453 1000000455 1000000454
1000000454 1000000456 1000000455
1000000455 1000000457 1000000456
1000000456 1000000458 1000000457
1000000457 1000000459 1000000458
1000000458 1000000460 1000000459
1000000459 1000000461 1000000460
1000000460 1000000462 1000000461
1000000461 1000000463 1000000462
1000000462 1000000464 1000000463
1000000463 1000000465 1000000464
1000000464 1000000466 1000000465
1000000465 1000000467 1000000466
1000000466 1000000468 1000000467
1000000467 1000000469 1000000468
1000000468 1000000470 1000000469
1000000469 1000000471 1000000470
1000000470 1000000472 1000000471
1000000471 1000000473 1000000472
1000000472 1000000474 1000000473
1000000473 1000000475 1000000474
1000000474 1000000476 1000000475
1000000475 1000000477 1000000476
1000000476 1000000478 1000000477
1000000477 1000000479 1000000478
1000000478 1000000480 1000000479
1000000479 1000000481 1000000480
1000000480 1000000482 1000000481
1000000481 1000000483 1000000482
1000000482 1000000484 1000000483
1000000483 1000000485 1000000484
1000000484 1000000486 1000000485
1000000485 1000000487 1000000486
1000000486 1000000488 1000000487
1000000487 1000000489 1000000488
1000000488 1000000490 1000000489
1000000489 1000000491 1000000490
1000000490 1000000492 1000000491
1000000491 1000000493 1000000492
1000000492 1000000494 1000000493
1000000493 1000000495 1000000494
1000000494 1000000496 1000000495
1000000495 1000000497 1000000496
1000000496 1000000498 1000000497
1000000497 1000000499 1000000498
1000000498 1000000500 1000000499
1000000499 1000000501 1000000500
