359996 b 2 [0,1,0,-225324,41086852] 2 [2] [-72:7546:1] [2266:-2107:8] [271:0:1]
359996 c 1 [0,0,0,-14353,-662079] 0 []
359996 d 1 [0,0,0,-2162404,1191609585] 1 [2] [1090:11385:1] [-1693:0:1]
359996 d 2 [0,0,0,-34344119,77468710478] 1 [2] [2539:-81466:1] [3386:0:1]
359996 e 1 [0,1,0,-574029,-231515233] 1 [] [18394:2492581:1]
359996 f 1 [0,1,0,-89181,-194465857] 1 [] [754:12943:1]
359996 g 1 [0,-1,0,-22373,-846127] 0 []
359998 a 1 [1,0,1,69,902] 1 [] [-2:28:1]
359998 b 1 [1,1,0,-9915308,12013184080] 0 []
359999 a 1 [1,1,1,6,-26] 1 [] [2:-1:1]
