1.0000000000000000000000000000000000000 0.50000000000000000000000000000000000000
1.0312500000000000000000000000000000000 0.50000000000000000000000000000000000000
1.0625000000000000000000000000000000000 0.50000000000000000000000000000000000000
1.0937500000000000000000000000000000000 0.50000000000000000000000000000000000000
1.1250000000000000000000000000000000000 0.50000000000000000000000000000000000000
1.1562500000000000000000000000000000000 0.50000000000000000000000000000000000000
1.1875000000000000000000000000000000000 0.50000000000000000000000000000000000000
1.2187500000000000000000000000000000000 0.50000000000000000000000000000000000000
1.2500000000000000000000000000000000000 0.50000000000000000000000000000000000000
1.2812500000000000000000000000000000000 0.50000000000000000000000000000000000000
1.3125000000000000000000000000000000000 0.50000000000000000000000000000000000000
1.3437500000000000000000000000000000000 0.50000000000000000000000000000000000000
1.3750000000000000000000000000000000000 0.50000000000000000000000000000000000000
1.4062500000000000000000000000000000000 0.50000000000000000000000000000000000000
1.4375000000000000000000000000000000000 0.50000000000000000000000000000000000000
1.4687500000000000000000000000000000000 0.50000000000000000000000000000000000000
1.5000000000000000000000000000000000000 0.50000000000000000000000000000000000000
1.5312500000000000000000000000000000000 0.50000000000000000000000000000000000000
1.5625000000000000000000000000000000000 0.50000000000000000000000000000000000000
1.5937500000000000000000000000000000000 0.50000000000000000000000000000000000000
1.6250000000000000000000000000000000000 0.50000000000000000000000000000000000000
1.6562500000000000000000000000000000000 0.50000000000000000000000000000000000000
1.6875000000000000000000000000000000000 0.50000000000000000000000000000000000000
1.7187500000000000000000000000000000000 0.50000000000000000000000000000000000000
1.7500000000000000000000000000000000000 0.50000000000000000000000000000000000000
1.7812500000000000000000000000000000000 0.50000000000000000000000000000000000000
1.8125000000000000000000000000000000000 0.50000000000000000000000000000000000000
1.8437500000000000000000000000000000000 0.50000000000000000000000000000000000000
1.8750000000000000000000000000000000000 0.50000000000000000000000000000000000000
1.9062500000000000000000000000000000000 0.50000000000000000000000000000000000000
1.9375000000000000000000000000000000000 0.50000000000000000000000000000000000000
1.9687500000000000000000000000000000000 0.50000000000000000000000000000000000000
2.0000000000000000000000000000000000000 0.50000000000000000000000000000000000000
1.0000000000000000000000000000000000000 1.0000000000000000000000000000000000000
1.0312500000000000000000000000000000000 1.0000000000000000000000000000000000000
1.0625000000000000000000000000000000000 1.0000000000000000000000000000000000000
1.0937500000000000000000000000000000000 1.0000000000000000000000000000000000000
1.1250000000000000000000000000000000000 1.0000000000000000000000000000000000000
1.1562500000000000000000000000000000000 1.0000000000000000000000000000000000000
1.1875000000000000000000000000000000000 1.0000000000000000000000000000000000000
1.2187500000000000000000000000000000000 1.0000000000000000000000000000000000000
1.2500000000000000000000000000000000000 1.0000000000000000000000000000000000000
1.2812500000000000000000000000000000000 1.0000000000000000000000000000000000000
1.3125000000000000000000000000000000000 1.0000000000000000000000000000000000000
1.3437500000000000000000000000000000000 1.0000000000000000000000000000000000000
1.3750000000000000000000000000000000000 1.0000000000000000000000000000000000000
1.4062500000000000000000000000000000000 1.0000000000000000000000000000000000000
1.4375000000000000000000000000000000000 1.0000000000000000000000000000000000000
1.4687500000000000000000000000000000000 1.0000000000000000000000000000000000000
1.5000000000000000000000000000000000000 1.0000000000000000000000000000000000000
1.5312500000000000000000000000000000000 1.0000000000000000000000000000000000000
1.5625000000000000000000000000000000000 1.0000000000000000000000000000000000000
1.5937500000000000000000000000000000000 1.0000000000000000000000000000000000000
1.6250000000000000000000000000000000000 1.0000000000000000000000000000000000000
1.6562500000000000000000000000000000000 1.0000000000000000000000000000000000000
1.6875000000000000000000000000000000000 1.0000000000000000000000000000000000000
1.7187500000000000000000000000000000000 1.0000000000000000000000000000000000000
1.7500000000000000000000000000000000000 1.0000000000000000000000000000000000000
1.7812500000000000000000000000000000000 1.0000000000000000000000000000000000000
1.8125000000000000000000000000000000000 1.0000000000000000000000000000000000000
1.8437500000000000000000000000000000000 1.0000000000000000000000000000000000000
1.8750000000000000000000000000000000000 1.0000000000000000000000000000000000000
1.9062500000000000000000000000000000000 1.0000000000000000000000000000000000000
1.9375000000000000000000000000000000000 1.0000000000000000000000000000000000000
1.9687500000000000000000000000000000000 1.0000000000000000000000000000000000000
2.0000000000000000000000000000000000000 1.0000000000000000000000000000000000000
1.0000000000000000000000000000000000000 0.50000000000000000000000000000000000000
1.0000000000000000000000000000000000000 0.51562500000000000000000000000000000000
1.0000000000000000000000000000000000000 0.53125000000000000000000000000000000000
1.0000000000000000000000000000000000000 0.54687500000000000000000000000000000000
1.0000000000000000000000000000000000000 0.56250000000000000000000000000000000000
1.0000000000000000000000000000000000000 0.57812500000000000000000000000000000000
1.0000000000000000000000000000000000000 0.59375000000000000000000000000000000000
1.0000000000000000000000000000000000000 0.60937500000000000000000000000000000000
1.0000000000000000000000000000000000000 0.62500000000000000000000000000000000000
1.0000000000000000000000000000000000000 0.64062500000000000000000000000000000000
1.0000000000000000000000000000000000000 0.65625000000000000000000000000000000000
1.0000000000000000000000000000000000000 0.67187500000000000000000000000000000000
1.0000000000000000000000000000000000000 0.68750000000000000000000000000000000000
1.0000000000000000000000000000000000000 0.70312500000000000000000000000000000000
1.0000000000000000000000000000000000000 0.71875000000000000000000000000000000000
1.0000000000000000000000000000000000000 0.73437500000000000000000000000000000000
1.0000000000000000000000000000000000000 0.75000000000000000000000000000000000000
1.0000000000000000000000000000000000000 0.76562500000000000000000000000000000000
1.0000000000000000000000000000000000000 0.78125000000000000000000000000000000000
1.0000000000000000000000000000000000000 0.79687500000000000000000000000000000000
1.0000000000000000000000000000000000000 0.81250000000000000000000000000000000000
1.0000000000000000000000000000000000000 0.82812500000000000000000000000000000000
1.0000000000000000000000000000000000000 0.84375000000000000000000000000000000000
1.0000000000000000000000000000000000000 0.85937500000000000000000000000000000000
1.0000000000000000000000000000000000000 0.87500000000000000000000000000000000000
1.0000000000000000000000000000000000000 0.89062500000000000000000000000000000000
1.0000000000000000000000000000000000000 0.90625000000000000000000000000000000000
1.0000000000000000000000000000000000000 0.92187500000000000000000000000000000000
1.0000000000000000000000000000000000000 0.93750000000000000000000000000000000000
1.0000000000000000000000000000000000000 0.95312500000000000000000000000000000000
1.0000000000000000000000000000000000000 0.96875000000000000000000000000000000000
1.0000000000000000000000000000000000000 0.98437500000000000000000000000000000000
1.0000000000000000000000000000000000000 1.0000000000000000000000000000000000000
2.0000000000000000000000000000000000000 0.50000000000000000000000000000000000000
2.0000000000000000000000000000000000000 0.51562500000000000000000000000000000000
2.0000000000000000000000000000000000000 0.53125000000000000000000000000000000000
2.0000000000000000000000000000000000000 0.54687500000000000000000000000000000000
2.0000000000000000000000000000000000000 0.56250000000000000000000000000000000000
2.0000000000000000000000000000000000000 0.57812500000000000000000000000000000000
2.0000000000000000000000000000000000000 0.59375000000000000000000000000000000000
2.0000000000000000000000000000000000000 0.60937500000000000000000000000000000000
2.0000000000000000000000000000000000000 0.62500000000000000000000000000000000000
2.0000000000000000000000000000000000000 0.64062500000000000000000000000000000000
2.0000000000000000000000000000000000000 0.65625000000000000000000000000000000000
2.0000000000000000000000000000000000000 0.67187500000000000000000000000000000000
2.0000000000000000000000000000000000000 0.68750000000000000000000000000000000000
2.0000000000000000000000000000000000000 0.70312500000000000000000000000000000000
2.0000000000000000000000000000000000000 0.71875000000000000000000000000000000000
2.0000000000000000000000000000000000000 0.73437500000000000000000000000000000000
2.0000000000000000000000000000000000000 0.75000000000000000000000000000000000000
2.0000000000000000000000000000000000000 0.76562500000000000000000000000000000000
2.0000000000000000000000000000000000000 0.78125000000000000000000000000000000000
2.0000000000000000000000000000000000000 0.79687500000000000000000000000000000000
2.0000000000000000000000000000000000000 0.81250000000000000000000000000000000000
2.0000000000000000000000000000000000000 0.82812500000000000000000000000000000000
2.0000000000000000000000000000000000000 0.84375000000000000000000000000000000000
2.0000000000000000000000000000000000000 0.85937500000000000000000000000000000000
2.0000000000000000000000000000000000000 0.87500000000000000000000000000000000000
2.0000000000000000000000000000000000000 0.89062500000000000000000000000000000000
2.0000000000000000000000000000000000000 0.90625000000000000000000000000000000000
2.0000000000000000000000000000000000000 0.92187500000000000000000000000000000000
2.0000000000000000000000000000000000000 0.93750000000000000000000000000000000000
2.0000000000000000000000000000000000000 0.95312500000000000000000000000000000000
2.0000000000000000000000000000000000000 0.96875000000000000000000000000000000000
2.0000000000000000000000000000000000000 0.98437500000000000000000000000000000000
2.0000000000000000000000000000000000000 1.0000000000000000000000000000000000000
0.80000000000000000000000000000000000000 -0.40000000000000000000000000000000000000
0.78513011152416356877323420074349442379 -0.38066914498141263940520446096654275093
0.77053824362606232294617563739376770538 -0.36260623229461756373937677053824362606
0.75624577987846049966239027683997299122 -0.34571235651586765698852126941255908170
0.74226804123711340206185567010309278350 -0.32989690721649484536082474226804123711
0.72861538461538461538461538461538461538 -0.31507692307692307692307692307692307692
0.71529411764705882352941176470588235294 -0.30117647058823529411764705882352941176
0.70230725942599887450759707371975239167 -0.28812605514912774338773213280810354530
0.68965517241379310344827586206896551724 -0.27586206896551724137931034482758620690
0.67733608673205988642230252968508002065 -0.26432627774909654104284976768198244708
0.66534653465346534653465346534653465346 -0.25346534653465346534653465346534653465
0.65368171021377672209026128266033254156 -0.24323040380047505938242280285035629454
0.64233576642335766423357664233576642335 -0.23357664233576642335766423357664233577
0.63130206049978079789565979833406400701 -0.22446295484436650591845681718544498027
0.62057335581787521079258010118043844856 -0.21585160202360876897133220910623946037
0.61014198782961460446247464503042596348 -0.20770791075050709939148073022312373225
0.59999999999999999999999999999999999999 -0.20000000000000000000000000000000000000
0.59013925479864508844561535566428302596 -0.19269853217914941663530297327813323297
0.58055152394775036284470246734397677793 -0.18577648766328011611030478955007256894
0.57122856142807140357017850892544627231 -0.17920896044802240112005600280014000700
0.56216216216216216216216216216216216216 -0.17297297297297297297297297297297297297
0.55334420880913539967373572593800978792 -0.16704730831973898858075040783034257749
0.54476670870113493064312736443883984867 -0.16141235813366960907944514501891551072
0.53642182261505638524839987808594940567 -0.15604998476074367570862541907954891801
0.52830188679245283018867924528301886792 -0.15094339622641509433962264150943396226
0.52039942938659058487874465049928673323 -0.14607703281027104136947218259629101284
0.51270718232044198895027624309392265193 -0.14143646408839779005524861878453038674
0.50521808937650521808937650521808937650 -0.13700829542413700829542413700829542414
0.49792531120331950207468879668049792531 -0.13278008298755186721991701244813278008
0.49082222780990696504903193361830525522 -0.12874025647472969575056575308021121448
0.48390243902439024390243902439024390244 -0.12487804878048780487804878048780487805
0.47715976331360946745562130177514792899 -0.12118343195266272189349112426035502959
0.47058823529411764705882352941176470588 -0.11764705882352941176470588235294117647
0.50000000000000000000000000000000000000 -0.50000000000000000000000000000000000000
0.49976336961665877898722195929957406531 -0.48461902508282063416942735447231424515
0.49908256880733944954128440366972477064 -0.46972477064220183486238532110091743119
0.49799911071587372165406847487772343264 -0.45531347265451311694086260560248999555
0.49655172413793103448275862068965517241 -0.44137931034482758620689655172413793103
0.49477643125783535311324697033012954450 -0.42791475135812787296280819055578771417
0.49270664505672609400324149108589951378 -0.41491085899513776337115072933549432739
0.49037328094302554027504911591355599214 -0.40235756385068762278978388998035363458
0.48780487804878048780487804878048780488 -0.39024390243902439024390243902439024390
0.48502772643253234750462107208872458410 -0.37855822550831792975970425138632162662
0.48206599713055954088952654232424677188 -0.36728837876614060258249641319942611191
0.47894187260703097807170205360250609119 -0.35642185868430212321615036547163243996
0.47567567567567567567567567567567567568 -0.34594594594594594594594594594594594595
0.47228599540833060019678583142013775008 -0.33584781895703509347326992456543128895
0.46878980891719745222929936305732484076 -0.32611464968152866242038216560509554140
0.46520259820600061862047633776678008042 -0.31673368388493659140117537890504175688
0.46153846153846153846153846153846153846 -0.30769230769230769230769230769230769231
0.45781021897810218978102189781021897810 -0.29897810218978102189781021897810218978
0.45402951191827468785471055618615209989 -0.29057888762769580022701475595913734393
0.45020689655172413793103448275862068965 -0.28248275862068965517241379310344827586
0.44635193133047210300429184549356223176 -0.27467811158798283261802575107296137339
0.44247325854422123662927211061831463606 -0.26715366553613357683276806678841638403
0.43857868020304568527918781725888324873 -0.25989847715736040609137055837563451777
0.43467522845146949864163991108915781674 -0.25290195109903679920968140281551000247
0.43076923076923076923076923076923076923 -0.24615384615384615384615384615384615385
0.42686637023168733910601450971214603323 -0.23964427802480692721741165457523987831
0.42297174111212397447584320875113947128 -0.23336371923427529626253418413855970830
0.41908990011098779134295227524972253052 -0.22730299667036625971143174250832408435
0.41522491349480968858131487889273356401 -0.22145328719723183391003460207612456747
0.41138040042149631190727081138040042150 -0.21580611169652265542676501580611169652
0.40755957271980279375513557929334428924 -0.21035332785538208709942481511914543961
0.40376527137993190466653314640496695374 -0.20508712197075906268776286801522130983
0.40000000000000000000000000000000000000 -0.20000000000000000000000000000000000000
0.80000000000000000000000000000000000000 -0.40000000000000000000000000000000000000
0.78997107039537126325940212150433944069 -0.40732883317261330761812921890067502411
0.77989337395277989337395277989337395278 -0.41431835491241431835491241431835491241
0.76978011651945123097162187558729562112 -0.42097350122157489193760571321180229280
0.75964391691394658753709198813056379822 -0.42729970326409495548961424332344213650
0.74949679780420860018298261665141811528 -0.43330283623055809698078682525160109790
0.73935018050541516245487364620938628158 -0.43898916967509025270758122743682310469
0.72921488338970980950685419262951753605 -0.44436531956560441516823927363361224853
0.71910112359550561797752808988764044943 -0.44943820224719101123595505617977528090
0.70901852172407824130171369222779989614 -0.45421499047948762333391033408343430846
0.69897610921501706484641638225255972696 -0.45870307167235494880546075085324232082
0.68898233809924306139613120269133725820 -0.46291000841042893187552565180824222035
0.67904509283819628647214854111405835543 -0.46684350132625994694960212201591511936
0.66917170396993955236072537167129553994 -0.47051135435386374775363502695637967652
0.65936896329684481648422408242112041210 -0.47392144236960721184803605924018029620
0.64964314036478984932593180015860428231 -0.47708168120539254559873116574147501983
0.64000000000000000000000000000000000000 -0.48000000000000000000000000000000000000
0.63044482068647067877481914729875327074 -0.48268431583807911343697090965060797291
0.62098241358399029714978775015160703456 -0.48514251061249241964827167980594299576
0.61161714200388233537404808123040167239 -0.48738241003434373600119456473047633269
0.60235294117647058823529411764705882353 -0.48941176470588235294117647058823529412
0.59319333816075307748008689355539464156 -0.49123823316437364228819695872556118755
0.58414147176269252709640616086708499715 -0.49286936679977181973759269823160296634
0.57520011234377194214295744979637691335 -0.49431259654542901277910405841876140991
0.56637168141592920353982300884955752212 -0.49557522123893805309734513274336283186
0.55765827093260721579305650102110279101 -0.49666439754935330156569094622191967325
0.54906166219839142091152815013404825737 -0.49758713136729222520107238605898123324
0.54058334433152962914082090537151907087 -0.49835027055562887686419427213936914346
0.53222453222453222453222453222453222453 -0.49896049896049896049896049896049896050
0.52398618395804016886273506460278879365 -0.49942433158500703594729435844953306895
0.51586901763224181360201511335012594458 -0.49974811083123425692695214105793450882
0.50787352758834469931804091754494730316 -0.49993800371977681339119652820830750155
0.50000000000000000000000000000000000000 -0.50000000000000000000000000000000000000
0.47058823529411764705882352941176470588 -0.11764705882352941176470588235294117647
0.46883763520860756595890802953127682711 -0.12087220282721913809878097636353230699
0.46704675028506271379703534777651083238 -0.12405929304446978335233751425313568985
0.46521665057640979044806632971775796468 -0.12720767789198705207564313703219944347
0.46334841628959276018099547511312217195 -0.13031674208144796380090497737556561086
0.46144313637131752379879456993184250549 -0.13338590660733397172308905537092322424
0.45950190711240744895669733004262957146 -0.13641462867399596140901951985640565403
0.45752583077352694777994973471097458810 -0.13940240156380899190170343479475006981
0.45551601423487544483985765124555160142 -0.14234875444839857651245551601423487544
0.45347356767229449211181843343481871021 -0.14525325214503182950456684195959036812
0.45139960326206744544853427374917346264 -0.14811549482036588053780030857394754243
0.44929523391652498217517687709098886634 -0.15093511764383261119947348214775407229
0.44716157205240174672489082969432314410 -0.15371179039301310043668122270742358079
0.44499972839372046281710033135966103536 -0.15644521701341735020913683524363083274
0.44281081081081081081081081081081081081 -0.15913513513513513513513513513513513513
0.44059592319690205991502178239122250309 -0.16178131554886247512504706072177701285
0.43835616438356164383561643835616438356 -0.16438356164383561643835616438356164384
0.43609262709608730369976044716529145595 -0.16694170881022092094756454618046313548
0.43380639694979877144672738826519805126 -0.16945562380851514509637788604109298877
0.43149855148801685541216750065841453779 -0.17192520410850671582828548854358704240
0.42917015926236378876781223805532271584 -0.17435037720033528918692372170997485331
0.42682227895586932735893294430261032668 -0.17673109988016464335955817225029958839
0.42445595854922279792746113989637305699 -0.17906735751295336787564766839378238342
0.42207223453037250759956721108763975475 -0.18135916327476943685918903601422020712
0.41967213114754098360655737704918032787 -0.18360655737704918032786885245901639344
0.41725665970559771812764223501247898946 -0.18580960627514898385371568277899454999
0.41482681790561069475389912902572412396 -0.18796840186347984606036054283978124367
0.41238358922728416813491064686634784797 -0.19008306065945129624968537628995721118
0.40992794235388310648518815052041633307 -0.19215372297838270616493194555644515613
0.40746083063914449142004476498383486695 -0.19418055210146729669236508331260880378
0.40498319161558236108364643069013248962 -0.19616373343879770614989123986553292466
0.40249594654350709969046332236033999902 -0.19810347368938240062889991647422984327
0.40000000000000000000000000000000000000 -0.20000000000000000000000000000000000000
0.20000000000000000000000000000000000000 -0.80000000000000000000000000000000000000
0.24375000000000000000000000000000000000 -0.80000000000000000000000000000000000000
0.28750000000000000000000000000000000000 -0.80000000000000000000000000000000000000
0.33125000000000000000000000000000000000 -0.80000000000000000000000000000000000000
0.37500000000000000000000000000000000000 -0.80000000000000000000000000000000000000
0.41875000000000000000000000000000000000 -0.80000000000000000000000000000000000000
0.46250000000000000000000000000000000000 -0.80000000000000000000000000000000000000
0.50624999999999999999999999999999999999 -0.80000000000000000000000000000000000000
0.54999999999999999999999999999999999999 -0.80000000000000000000000000000000000000
0.59374999999999999999999999999999999999 -0.80000000000000000000000000000000000000
0.63749999999999999999999999999999999999 -0.80000000000000000000000000000000000000
0.68124999999999999999999999999999999999 -0.80000000000000000000000000000000000000
0.72499999999999999999999999999999999999 -0.80000000000000000000000000000000000000
0.76874999999999999999999999999999999999 -0.80000000000000000000000000000000000000
0.81249999999999999999999999999999999999 -0.80000000000000000000000000000000000000
0.85624999999999999999999999999999999999 -0.80000000000000000000000000000000000000
0.89999999999999999999999999999999999999 -0.80000000000000000000000000000000000000
0.94374999999999999999999999999999999999 -0.80000000000000000000000000000000000000
0.98749999999999999999999999999999999999 -0.80000000000000000000000000000000000000
1.0312500000000000000000000000000000000 -0.80000000000000000000000000000000000000
1.0750000000000000000000000000000000000 -0.80000000000000000000000000000000000000
1.1187500000000000000000000000000000000 -0.80000000000000000000000000000000000000
1.1625000000000000000000000000000000000 -0.80000000000000000000000000000000000000
1.2062500000000000000000000000000000000 -0.80000000000000000000000000000000000000
1.2500000000000000000000000000000000000 -0.80000000000000000000000000000000000000
1.2937500000000000000000000000000000000 -0.80000000000000000000000000000000000000
1.3375000000000000000000000000000000000 -0.80000000000000000000000000000000000000
1.3812500000000000000000000000000000000 -0.80000000000000000000000000000000000000
1.4250000000000000000000000000000000000 -0.80000000000000000000000000000000000000
1.4687500000000000000000000000000000000 -0.80000000000000000000000000000000000000
1.5125000000000000000000000000000000000 -0.80000000000000000000000000000000000000
1.5562499999999999999999999999999999999 -0.80000000000000000000000000000000000000
1.5999999999999999999999999999999999999 -0.80000000000000000000000000000000000000
0.20000000000000000000000000000000000000 -0.10000000000000000000000000000000000000
0.24375000000000000000000000000000000000 -0.10000000000000000000000000000000000000
0.28750000000000000000000000000000000000 -0.10000000000000000000000000000000000000
0.33125000000000000000000000000000000000 -0.10000000000000000000000000000000000000
0.37500000000000000000000000000000000000 -0.10000000000000000000000000000000000000
0.41875000000000000000000000000000000000 -0.10000000000000000000000000000000000000
0.46250000000000000000000000000000000000 -0.10000000000000000000000000000000000000
0.50624999999999999999999999999999999999 -0.10000000000000000000000000000000000000
0.54999999999999999999999999999999999999 -0.10000000000000000000000000000000000000
0.59374999999999999999999999999999999999 -0.10000000000000000000000000000000000000
0.63749999999999999999999999999999999999 -0.10000000000000000000000000000000000000
0.68124999999999999999999999999999999999 -0.10000000000000000000000000000000000000
0.72499999999999999999999999999999999999 -0.10000000000000000000000000000000000000
0.76874999999999999999999999999999999999 -0.10000000000000000000000000000000000000
0.81249999999999999999999999999999999999 -0.10000000000000000000000000000000000000
0.85624999999999999999999999999999999999 -0.10000000000000000000000000000000000000
0.89999999999999999999999999999999999999 -0.10000000000000000000000000000000000000
0.94374999999999999999999999999999999999 -0.10000000000000000000000000000000000000
0.98749999999999999999999999999999999999 -0.10000000000000000000000000000000000000
1.0312500000000000000000000000000000000 -0.10000000000000000000000000000000000000
1.0750000000000000000000000000000000000 -0.10000000000000000000000000000000000000
1.1187500000000000000000000000000000000 -0.10000000000000000000000000000000000000
1.1625000000000000000000000000000000000 -0.10000000000000000000000000000000000000
1.2062500000000000000000000000000000000 -0.10000000000000000000000000000000000000
1.2500000000000000000000000000000000000 -0.10000000000000000000000000000000000000
1.2937500000000000000000000000000000000 -0.10000000000000000000000000000000000000
1.3375000000000000000000000000000000000 -0.10000000000000000000000000000000000000
1.3812500000000000000000000000000000000 -0.10000000000000000000000000000000000000
1.4250000000000000000000000000000000000 -0.10000000000000000000000000000000000000
1.4687500000000000000000000000000000000 -0.10000000000000000000000000000000000000
1.5125000000000000000000000000000000000 -0.10000000000000000000000000000000000000
1.5562499999999999999999999999999999999 -0.10000000000000000000000000000000000000
1.5999999999999999999999999999999999999 -0.10000000000000000000000000000000000000
0.20000000000000000000000000000000000000 -0.80000000000000000000000000000000000000
0.20000000000000000000000000000000000000 -0.77812500000000000000000000000000000000
0.20000000000000000000000000000000000000 -0.75625000000000000000000000000000000000
0.20000000000000000000000000000000000000 -0.73437500000000000000000000000000000000
0.20000000000000000000000000000000000000 -0.71250000000000000000000000000000000000
0.20000000000000000000000000000000000000 -0.69062500000000000000000000000000000001
0.20000000000000000000000000000000000000 -0.66875000000000000000000000000000000001
0.20000000000000000000000000000000000000 -0.64687500000000000000000000000000000001
0.20000000000000000000000000000000000000 -0.62500000000000000000000000000000000001
0.20000000000000000000000000000000000000 -0.60312500000000000000000000000000000001
0.20000000000000000000000000000000000000 -0.58125000000000000000000000000000000001
0.20000000000000000000000000000000000000 -0.55937500000000000000000000000000000002
0.20000000000000000000000000000000000000 -0.53750000000000000000000000000000000002
0.20000000000000000000000000000000000000 -0.51562500000000000000000000000000000002
0.20000000000000000000000000000000000000 -0.49375000000000000000000000000000000003
0.20000000000000000000000000000000000000 -0.47187500000000000000000000000000000003
0.20000000000000000000000000000000000000 -0.45000000000000000000000000000000000003
0.20000000000000000000000000000000000000 -0.42812500000000000000000000000000000003
0.20000000000000000000000000000000000000 -0.40625000000000000000000000000000000003
0.20000000000000000000000000000000000000 -0.38437500000000000000000000000000000003
0.20000000000000000000000000000000000000 -0.36250000000000000000000000000000000003
0.20000000000000000000000000000000000000 -0.34062500000000000000000000000000000003
0.20000000000000000000000000000000000000 -0.31875000000000000000000000000000000003
0.20000000000000000000000000000000000000 -0.29687500000000000000000000000000000003
0.20000000000000000000000000000000000000 -0.27500000000000000000000000000000000003
0.20000000000000000000000000000000000000 -0.25312500000000000000000000000000000003
0.20000000000000000000000000000000000000 -0.23125000000000000000000000000000000003
0.20000000000000000000000000000000000000 -0.20937500000000000000000000000000000003
0.20000000000000000000000000000000000000 -0.18750000000000000000000000000000000003
0.20000000000000000000000000000000000000 -0.16562500000000000000000000000000000003
0.20000000000000000000000000000000000000 -0.14375000000000000000000000000000000003
0.20000000000000000000000000000000000000 -0.12187500000000000000000000000000000003
0.20000000000000000000000000000000000000 -0.10000000000000000000000000000000000003
1.6000000000000000000000000000000000000 -0.80000000000000000000000000000000000000
1.6000000000000000000000000000000000000 -0.77812500000000000000000000000000000000
1.6000000000000000000000000000000000000 -0.75625000000000000000000000000000000000
1.6000000000000000000000000000000000000 -0.73437500000000000000000000000000000000
1.6000000000000000000000000000000000000 -0.71250000000000000000000000000000000000
1.6000000000000000000000000000000000000 -0.69062500000000000000000000000000000001
1.6000000000000000000000000000000000000 -0.66875000000000000000000000000000000001
1.6000000000000000000000000000000000000 -0.64687500000000000000000000000000000001
1.6000000000000000000000000000000000000 -0.62500000000000000000000000000000000001
1.6000000000000000000000000000000000000 -0.60312500000000000000000000000000000001
1.6000000000000000000000000000000000000 -0.58125000000000000000000000000000000001
1.6000000000000000000000000000000000000 -0.55937500000000000000000000000000000002
1.6000000000000000000000000000000000000 -0.53750000000000000000000000000000000002
1.6000000000000000000000000000000000000 -0.51562500000000000000000000000000000002
1.6000000000000000000000000000000000000 -0.49375000000000000000000000000000000003
1.6000000000000000000000000000000000000 -0.47187500000000000000000000000000000003
1.6000000000000000000000000000000000000 -0.45000000000000000000000000000000000003
1.6000000000000000000000000000000000000 -0.42812500000000000000000000000000000003
1.6000000000000000000000000000000000000 -0.40625000000000000000000000000000000003
1.6000000000000000000000000000000000000 -0.38437500000000000000000000000000000003
1.6000000000000000000000000000000000000 -0.36250000000000000000000000000000000003
1.6000000000000000000000000000000000000 -0.34062500000000000000000000000000000003
1.6000000000000000000000000000000000000 -0.31875000000000000000000000000000000003
1.6000000000000000000000000000000000000 -0.29687500000000000000000000000000000003
1.6000000000000000000000000000000000000 -0.27500000000000000000000000000000000003
1.6000000000000000000000000000000000000 -0.25312500000000000000000000000000000003
1.6000000000000000000000000000000000000 -0.23125000000000000000000000000000000003
1.6000000000000000000000000000000000000 -0.20937500000000000000000000000000000003
1.6000000000000000000000000000000000000 -0.18750000000000000000000000000000000003
1.6000000000000000000000000000000000000 -0.16562500000000000000000000000000000003
1.6000000000000000000000000000000000000 -0.14375000000000000000000000000000000003
1.6000000000000000000000000000000000000 -0.12187500000000000000000000000000000003
1.6000000000000000000000000000000000000 -0.10000000000000000000000000000000000003

