2 99999988261
2 99999988273
2 99999988279
2 99999988307
2 99999988321
2 99999988373
2 99999988379
2 99999988433
2 99999988441
2 99999988457
2 99999988519
2 99999988531
2 99999988559
2 99999988577
2 99999988591
2 99999988603
2 99999988663
2 99999988687
2 99999988691
2 99999988769
2 99999988807
2 99999988831
2 99999988861
2 99999988889
2 99999988939
2 99999988969
2 99999989009
2 99999989029
2 99999989041
2 99999989051
2 99999989057
2 99999989077
2 99999989093
2 99999989119
2 99999989147
2 99999989161
2 99999989227
2 99999989279
2 99999989311
2 99999989333
2 99999989351
2 99999989359
2 99999989363
2 99999989377
2 99999989381
2 99999989459
2 99999989473
2 99999989483
2 99999989501
2 99999989539
2 99999989567
2 99999989581
2 99999989623
2 99999989629
2 99999989633
2 99999989641
2 99999989737
2 99999989741
2 99999989753
2 99999989759
2 99999989801
2 99999989839
2 99999989849
2 99999989857
2 99999989861
2 99999989879
2 99999989941
2 99999989951
2 99999989953
2 99999989981
2 99999989983
2 99999990017
2 99999990043
2 99999990053
2 99999990059
2 99999990067
2 99999990091
2 99999990107
2 99999990149
2 99999990179
2 99999990193
2 99999990199
2 99999990217
2 99999990329
2 99999990367
2 99999990451
2 99999990481
2 99999990491
2 99999990509
2 99999990521
2 99999990547
2 99999990551
2 99999990569
2 99999990577
2 99999990589
2 99999990641
2 99999990659
2 99999990721
2 99999990737
2 99999990757
2 99999990763
2 99999990767
2 99999990793
2 99999990799
2 99999990901
2 99999990943
2 99999990949
2 99999990973
2 99999990989
2 99999991033
2 99999991073
2 99999991081
2 99999991087
2 99999991111
2 99999991129
2 99999991237
2 99999991241
2 99999991321
2 99999991331
2 99999991349
2 99999991373
2 99999991387
2 99999991411
2 99999991439
2 99999991453
2 99999991457
2 99999991517
2 99999991571
2 99999991573
2 99999991577
2 99999991601
2 99999991661
2 99999991681
2 99999991703
2 99999991717
2 99999991771
2 99999991781
2 99999991783
2 99999991807
2 99999991867
2 99999991943
2 99999991963
2 99999991981
2 99999991999
2 99999992119
2 99999992171
2 99999992173
2 99999992203
2 99999992219
2 99999992237
2 99999992297
2 99999992299
2 99999992341
2 99999992369
2 99999992383
2 99999992399
2 99999992401
2 99999992423
2 99999992473
2 99999992489
2 99999992507
2 99999992509
2 99999992531
2 99999992539
2 99999992627
2 99999992663
2 99999992669
2 99999992731
2 99999992749
2 99999992773
2 99999992809
2 99999992831
2 99999992837
2 99999992867
2 99999992887
2 99999992923
2 99999992999
2 99999993007
2 99999993029
2 99999993059
2 99999993073
2 99999993077
2 99999993113
2 99999993133
2 99999993139
2 99999993157
2 99999993169
2 99999993179
2 99999993199
2 99999993251
2 99999993259
2 99999993283
2 99999993287
2 99999993293
2 99999993311
2 99999993329
2 99999993349
2 99999993413
2 99999993419
2 99999993439
2 99999993463
2 99999993479
2 99999993487
2 99999993521
2 99999993529
2 99999993551
2 99999993641
2 99999993733
2 99999993823
2 99999993829
2 99999993833
2 99999993839
2 99999993857
2 99999993889
2 99999993913
2 99999993917
2 99999993971
2 99999993983
2 99999993991
2 99999994007
2 99999994037
2 99999994049
2 99999994057
2 99999994069
2 99999994097
2 99999994117
2 99999994201
2 99999994279
2 99999994301
2 99999994331
2 99999994357
2 99999994361
2 99999994397
2 99999994399
2 99999994403
2 99999994441
2 99999994447
2 99999994529
2 99999994531
2 99999994543
2 99999994579
2 99999994597
2 99999994613
2 99999994651
2 99999994663
2 99999994681
2 99999994733
2 99999994741
2 99999994747
2 99999994769
2 99999994793
2 99999994877
2 99999994883
2 99999994901
2 99999994903
2 99999994973
2 99999995003
2 99999995057
2 99999995087
2 99999995129
2 99999995197
2 99999995273
2 99999995279
2 99999995299
2 99999995371
2 99999995377
2 99999995437
2 99999995467
2 99999995471
2 99999995477
2 99999995519
2 99999995527
2 99999995531
2 99999995551
2 99999995587
2 99999995593
2 99999995609
2 99999995617
2 99999995629
2 99999995639
2 99999995657
2 99999995681
2 99999995731
2 99999995737
2 99999995783
2 99999995807
2 99999995813
2 99999995831
2 99999995833
2 99999995881
2 99999995891
2 99999995897
2 99999995911
2 99999995923
2 99999996001
2 99999996023
2 99999996097
2 99999996101
2 99999996127
2 99999996133
2 99999996157
2 99999996181
2 99999996197
2 99999996241
2 99999996251
2 99999996277
2 99999996289
2 99999996293
2 99999996337
2 99999996361
2 99999996377
2 99999996379
2 99999996391
2 99999996401
2 99999996407
2 99999996419
2 99999996443
2 99999996451
2 99999996497
2 99999996581
2 99999996619
2 99999996637
2 99999996653
2 99999996713
2 99999996727
2 99999996773
2 99999996793
2 99999996799
2 99999996839
2 99999996847
2 99999996857
2 99999996961
2 99999996973
2 99999996983
2 99999997033
2 99999997049
2 99999997091
2 99999997093
2 99999997133
2 99999997189
2 99999997211
2 99999997259
2 99999997297
2 99999997303
2 99999997309
2 99999997327
2 99999997351
2 99999997369
2 99999997381
2 99999997397
2 99999997451
2 99999997457
2 99999997477
2 99999997511
2 99999997523
2 99999997541
2 99999997561
2 99999997633
2 99999997637
2 99999997661
2 99999997697
2 99999997733
2 99999997771
2 99999997819
2 99999997831
2 99999997841
2 99999997849
2 99999997859
2 99999997883
2 99999997891
2 99999997897
2 99999997907
2 99999997913
2 99999997919
2 99999998003
2 99999998017
2 99999998071
2 99999998081
2 99999998089
2 99999998099
2 99999998129
2 99999998149
2 99999998167
2 99999998237
2 99999998269
2 99999998279
2 99999998291
2 99999998317
2 99999998321
2 99999998339
2 99999998341
2 99999998347
2 99999998377
2 99999998401
2 99999998471
2 99999998491
2 99999998509
2 99999998513
2 99999998573
2 99999998591
2 99999998627
2 99999998639
2 99999998641
2 99999998647
2 99999998687
2 99999998743
2 99999998767
2 99999998821
2 99999998881
2 99999998893
2 99999998921
2 99999998933
2 99999998939
2 99999998951
2 99999998957
2 99999998993
2 99999999019
2 99999999023
2 99999999097
2 99999999103
2 99999999119
2 99999999133
2 99999999139
2 99999999149
2 99999999193
2 99999999227
2 99999999247
2 99999999269
2 99999999277
2 99999999289
2 99999999353
2 99999999391
2 99999999409
2 99999999431
2 99999999439
2 99999999527
2 99999999529
2 99999999551
2 99999999557
2 99999999559
2 99999999571
2 99999999581
2 99999999599
2 99999999647
2 99999999653
2 99999999667
2 99999999689
2 99999999709
2 99999999713
2 99999999731
2 99999999761
2 99999999763
2 99999999769
2 99999999821
2 99999999829
2 99999999833
2 99999999851
2 99999999871
2 99999999907
2 99999999943
2 99999999947
2 99999999977
